$likelihoods
7436.1 5201.22 25400.8 629.129
$recruits
 3.8879e+10 9.35928e+10 3.47832e+10 1.78111e+11 75413.2 486468 180126 1.01487e+11 116106 4.44791e+10 7884.59 3.68538e+10 9.79309e+10 4.2931e+10 162738 5.43843e+10 52.9486 2.38532e+10 27.4309 3.5709e+10 6971.14 5.35885e+10 3.03712e+10 2.37956e+11 730630 7.87398e+09 4.21561 3.04455e+10 2.54854e+10 1.21336e+10 108.716 2.64187e+10 1152.45 7.04156e+07 25.2819 8.54886e+09 92411.3 5.05467e+09 7.3633 2.53103e+09 2.35722e+09 3.17035e+09 9.28081 1.02947e+09
$sizes
 55 65 75 85 95 105 115 125 135 145 155 165 175 185
$survey_months
 1 5 8 10 15 16 20 24 25 30 32 35 40 45 48 50 55 56 60 64 65 70 72 75 80 85 88 90 95 96 100 104 105 110 112 115 120 125 128 130 135 136 140 144 145 150 152 155 160 165 168 170 175 176 180 184 185 190 192 195 200 205 208 210 215 216 220 224 225 230 232 235 240 245 248 250 255 256 260 264
$survey_pred_all
 9.58577e+09 8.81933e+09 1.14768e+10 1.05585e+10 9.71376e+09 8.93655e+09 1.10314e+10 1.01494e+10 1.0078e+10 9.2722e+09 8.51306e+09 7.80701e+09 7.17199e+09 6.59855e+09 8.87683e+09 8.14664e+09 7.47528e+09 6.862e+09 9.31876e+09 8.57368e+09 9.29661e+09 8.55329e+09 7.85756e+09 7.21341e+09 6.62254e+09 6.09304e+09 9.38788e+09 8.61966e+09 7.91674e+09 7.2775e+09 1.11268e+10 1.02371e+10 9.4186e+09 8.66553e+09 7.944e+09 7.27653e+09 6.66211e+09 6.12943e+09 8.78165e+09 8.04881e+09 7.3831e+09 6.77451e+09 8.9464e+09 8.23108e+09 8.37549e+09 7.70582e+09 7.05595e+09 6.46426e+09 5.93661e+09 5.46194e+09 7.48461e+09 6.88546e+09 6.31667e+09 5.80055e+09 7.89225e+09 7.26122e+09 7.03237e+09 6.47009e+09 5.90329e+09 5.35035e+09 4.87108e+09 4.48161e+09 6.23631e+09 5.6536e+09 5.14805e+09 4.68069e+09 6.33624e+09 5.82962e+09 5.65494e+09 5.20279e+09 4.74027e+09 4.34298e+09 3.94368e+09 3.62836e+09 5.748e+09 5.25125e+09 4.7893e+09 4.38158e+09 6.61352e+09 6.08474e+09 5.93771e+09 5.46296e+09 4.99181e+09 4.55834e+09 4.16865e+09 3.83534e+09 6.04528e+09 5.54934e+09 5.08734e+09 4.6642e+09 6.96327e+09 6.40652e+09 6.32434e+09 5.81867e+09 5.32853e+09 4.86915e+09 4.44818e+09 4.09253e+09 6.02322e+09 5.5241e+09 5.04622e+09 4.63067e+09 6.47345e+09 5.95586e+09 5.66828e+09 5.21507e+09 4.74162e+09 4.31465e+09 3.93958e+09 3.62459e+09 4.96178e+09 4.53768e+09 4.15344e+09 3.79494e+09 4.95257e+09 4.55659e+09 4.47464e+09 4.11686e+09 3.74395e+09 3.42845e+09 3.13702e+09 2.88619e+09 3.86714e+09 3.52102e+09 3.22147e+09 2.94832e+09 3.88862e+09 3.5777e+09 3.7154e+09 3.41834e+09 3.11515e+09 2.84335e+09 2.59015e+09 2.38305e+09 3.67914e+09 3.36427e+09 3.09215e+09 2.83703e+09 4.29148e+09 3.94835e+09 5.51434e+09 5.07344e+09 4.64837e+09 4.26398e+09 3.90871e+09 3.59618e+09 6.73246e+09 6.18213e+09 5.67614e+09 5.21719e+09 9.30255e+09 8.55876e+09 7.9367e+09 7.30212e+09 6.70361e+09 6.14587e+09 5.62984e+09 5.17971e+09 8.21815e+09 7.52835e+09 6.91454e+09 6.35384e+09 8.97981e+09 8.26183e+09 7.842e+09 7.21499e+09 6.55136e+09 5.9546e+09 5.45107e+09 5.01523e+09 6.93144e+09 6.32634e+09 5.78995e+09 5.30503e+09 6.95175e+09 6.39592e+09 5.98048e+09 5.5023e+09 4.98794e+09 4.5366e+09 4.13963e+09 3.80864e+09 4.97457e+09 4.5523e+09 4.1682e+09 3.81046e+09 4.81682e+09 4.43169e+09 4.28626e+09 3.94355e+09 3.57872e+09 3.24845e+09 2.95332e+09 2.71719e+09 3.52087e+09 3.21164e+09 2.91852e+09 2.65022e+09 3.39231e+09 3.12108e+09 2.87209e+09 2.64245e+09 2.35985e+09 2.10314e+09 1.91022e+09 1.75749e+09 2.22858e+09 2.00058e+09 1.808e+09 1.63976e+09 1.97763e+09 1.81951e+09 1.74163e+09 1.60238e+09 1.43428e+09 1.28467e+09 1.15212e+09 1.06e+09 1.3194e+09 1.19374e+09 1.07401e+09 9.65596e+08 1.18629e+09 1.09144e+09 1.04415e+09 9.60662e+08 8.65012e+08 7.81896e+08 7.08373e+08 6.51735e+08 8.35489e+08 7.54677e+08 6.86904e+08 6.23089e+08 7.83971e+08 7.21289e+08 6.83632e+08 6.28972e+08 5.53899e+08 4.92886e+08 4.3859e+08 4.03522e+08 5.49663e+08 4.92808e+08 4.46195e+08 4.04094e+08 5.33572e+08 4.9091e+08 4.76729e+08 4.38612e+08 3.77166e+08 3.31494e+08 2.89267e+08 2.66138e+08 3.86646e+08 3.25247e+08 2.91193e+08 2.54792e+08 3.64002e+08 3.34898e+08 3.16262e+08 2.90975e+08 2.27479e+08 1.79386e+08 0 0 0 0 0 0 0 0 0 0 0 0 0 0 0 0 0 0 0 0 0 0 0 0 0 0 0 0 0 0 0 0 0 0 0 0 0 0 0 0 0 0 0 0 0 0 0 0 0 0 0 0 0 0 0 0 0 0 0 0 0 0 0 0 0 0 0 0 0 0 0 0 0 0 0 0 0 0 0 0 0 0 0 0 0 0 0 0 0 0 0 0 0 0 0 0 0 0 0 0
$survey_obs
 55961.3 6.37294e+08 4.34296e+08 6.07646e+08 4.5633e+08 5.58311e+08 7.58009e+08 2.67999e+08 3.04491e+08 9.66343e+08 8.48902e+08 4.92743e+08 5.52721e+08 3.71268e+08 2.42014e+08 6.77906e+08 1.85306e+09 2.30875e+09 1.43975e+09 1.55245e+09 1.0717e+09 1.03765e+09 5.52429e+08 8.05464e+08 7.0615e+08 2.77638e+08 1.32925e+09 7.94247e+08 8.83744e+08 7.44457e+08 1.28412e+09 1.2953e+09 1.03925e+09 7.07282e+08 1.07128e+09 6.44e+08 6.48692e+08 8.17179e+08 6.89081e+08 4.01826e+08 4.65159e+08 3.87065e+08 6.91886e+08 3.61142e+08 2.75097e+08 1.023e+09 1.33015e+09 7.50674e+08 1.92502e+09 1.29554e+09 1.03133e+09 6.75269e+08 7.87767e+08 8.45897e+08 4.35667e+08 1.26606e+09 7.44216e+08 1.39726e+09 9.36776e+08 2.90529e+09 1.47087e+09 6.00062e+08 8.05436e+08 1.07257e+09 6.58809e+08 6.11306e+08 5.04641e+08 4.4746e+08 4.65289e+08 3.60914e+08 4.3716e+08 4.64751e+08 2.07054e+08 7.24103e+08 7.71068e+08 5.83627e+08 1.09527e+09 1.14756e+09 6.59623e+08 3.23876e+08
$survey_pred_comp
9.58577e+09
9.71376e+09
1.01494e+10
9.2722e+09
8.87683e+09
8.14664e+09
8.57368e+09
7.21341e+09
6.62254e+09
7.2775e+09
1.02371e+10
7.944e+09
8.04881e+09
8.37549e+09
6.46426e+09
5.46194e+09
7.89225e+09
7.26122e+09
5.35035e+09
5.6536e+09
5.14805e+09
5.20279e+09
4.34298e+09
5.748e+09
6.08474e+09
4.16865e+09
5.54934e+09
4.6642e+09
5.32853e+09
4.86915e+09
5.5241e+09
5.95586e+09
5.66828e+09
3.62459e+09
4.53768e+09
4.95257e+09
3.42845e+09
3.22147e+09
3.5777e+09
3.41834e+09
3.67914e+09
3.36427e+09
3.94835e+09
4.26398e+09
3.90871e+09
5.21719e+09
8.55876e+09
6.70361e+09
7.52835e+09
7.842e+09
5.9546e+09
5.01523e+09
6.95175e+09
6.39592e+09
4.5366e+09
4.5523e+09
4.1682e+09
3.94355e+09
3.24845e+09
3.52087e+09
3.12108e+09
1.91022e+09
2.00058e+09
1.63976e+09
1.43428e+09
1.28467e+09
1.19374e+09
1.09144e+09
1.04415e+09
6.51735e+08
7.54677e+08
7.83971e+08
4.92886e+08
4.46195e+08
4.9091e+08
4.38612e+08
3.86646e+08
3.25247e+08
3.34898e+08
1.79386e+08
$survey_size_comp_pred_all
 0.00456982 0.1341 0.321089 0.0854939 0.111559 0.156366 0.0743938 0.0303398 0.0287968 0.00843997 0.00163101 0.00105961 0.00260789 0.0395539
 0.00456982 0.1341 0.321089 0.0854939 0.111559 0.156366 0.0743938 0.0303398 0.0287968 0.00843997 0.00163101 0.00105961 0.00260789 0.0395539
 0.0290894 0.0718771 0.302733 0.238104 0.0845782 0.0984698 0.0733108 0.0341038 0.0208302 0.0121318 0.00355345 0.00101325 0.00128939 0.0289155
 0.0290911 0.0718813 0.302751 0.238095 0.0845748 0.0984658 0.0733078 0.0341024 0.0208293 0.0121313 0.0035533 0.00101321 0.00128934 0.0289143
 0.0290929 0.0718856 0.302769 0.238085 0.0845714 0.0984619 0.0733049 0.0341011 0.0208285 0.0121308 0.00355316 0.00101317 0.00128929 0.0289132
 0.0290946 0.0718899 0.302787 0.238076 0.084568 0.0984579 0.0733019 0.0340997 0.0208277 0.0121303 0.00355302 0.00101313 0.00128924 0.028912
 0.0154454 0.0772308 0.242839 0.309252 0.124667 0.0712908 0.0607156 0.0367206 0.0197158 0.0118252 0.00561012 0.00175231 0.00088558 0.0220501
 0.0154454 0.0772308 0.242839 0.309252 0.124667 0.0712908 0.0607156 0.0367206 0.0197158 0.0118252 0.00561012 0.00175231 0.00088558 0.0220501
 0.0877485 0.0715592 0.225005 0.286541 0.115512 0.0660554 0.0562568 0.0340239 0.018268 0.0109568 0.00519813 0.00162363 0.000820546 0.0204308
 0.0877485 0.0715592 0.225005 0.286541 0.115512 0.0660554 0.0562568 0.0340239 0.018268 0.0109568 0.00519813 0.00162363 0.000820546 0.0204308
 0.0879319 0.0717087 0.225475 0.286168 0.115361 0.0659692 0.0561834 0.0339795 0.0182441 0.0109425 0.00519135 0.00162151 0.000819476 0.0204042
 0.0882177 0.0719418 0.226208 0.285585 0.115127 0.0658349 0.056069 0.0339104 0.018207 0.0109202 0.00518078 0.00161821 0.000817807 0.0203626
 0.0883507 0.0720502 0.226549 0.285314 0.115017 0.0657725 0.0560158 0.0338782 0.0181897 0.0109098 0.00517586 0.00161667 0.000817031 0.0203433
 0.0883507 0.0720502 0.226549 0.285314 0.115017 0.0657725 0.0560158 0.0338782 0.0181897 0.0109098 0.00517586 0.00161667 0.000817031 0.0203433
 0.0740231 0.145651 0.199384 0.262848 0.139925 0.0595147 0.0406399 0.0287969 0.0168498 0.00963437 0.00533324 0.00230965 0.000870772 0.0142196
 0.0742088 0.146016 0.199884 0.262373 0.139672 0.059407 0.0405663 0.0287448 0.0168193 0.00961694 0.00532359 0.00230547 0.000869196 0.0141938
 0.0744073 0.146407 0.200418 0.261864 0.139402 0.0592919 0.0404877 0.0286891 0.0167867 0.0095983 0.00531327 0.002301 0.000867511 0.0141663
 0.0745763 0.146739 0.200873 0.261432 0.139171 0.0591939 0.0404208 0.0286417 0.0167589 0.00958243 0.00530449 0.0022972 0.000866078 0.0141429
 0.0359865 0.162263 0.261974 0.241126 0.141059 0.0615956 0.032297 0.0222493 0.0145084 0.00855356 0.00489459 0.00253238 0.00109544 0.00986581
 0.0359865 0.162263 0.261974 0.241126 0.141059 0.0615956 0.032297 0.0222493 0.0145084 0.00855356 0.00489459 0.00253238 0.00109544 0.00986581
 0.182035 0.13768 0.222285 0.204595 0.119688 0.0522638 0.027404 0.0188785 0.0123104 0.00725769 0.00415306 0.00214872 0.000929478 0.00837113
 0.182035 0.13768 0.222285 0.204595 0.119688 0.0522638 0.027404 0.0188785 0.0123104 0.00725769 0.00415306 0.00214872 0.000929478 0.00837113
 0.18231 0.137887 0.22262 0.20423 0.119475 0.0521705 0.0273551 0.0188448 0.0122884 0.00724474 0.00414565 0.00214489 0.00092782 0.00835619
 0.182711 0.138191 0.22311 0.203696 0.119162 0.0520341 0.0272836 0.0187955 0.0122563 0.00722579 0.00413481 0.00213928 0.000925393 0.00833434
 0.183101 0.138486 0.223586 0.203178 0.118859 0.0519018 0.0272142 0.0187477 0.0122251 0.00720742 0.00412429 0.00213384 0.00092304 0.00831314
 0.183101 0.138486 0.223586 0.203178 0.118859 0.0519018 0.0272142 0.0187477 0.0122251 0.00720742 0.00412429 0.00213384 0.00092304 0.00831314
 0.0778759 0.259055 0.251156 0.201402 0.102574 0.0469249 0.0220856 0.0131719 0.00883928 0.00557625 0.00329773 0.00184518 0.000926744 0.00526969
 0.078035 0.259584 0.251669 0.200814 0.102275 0.046788 0.0220212 0.0131335 0.0088135 0.00555999 0.00328811 0.0018398 0.000924041 0.00525432
 0.0781703 0.260034 0.252105 0.200315 0.10202 0.0466716 0.0219664 0.0131008 0.00879157 0.00554616 0.00327993 0.00183523 0.000921742 0.00524125
 0.0782375 0.260258 0.252322 0.200067 0.101894 0.0466139 0.0219392 0.0130846 0.00878069 0.00553929 0.00327587 0.00183295 0.000920601 0.00523476
 0.0335332 0.195683 0.360898 0.224071 0.0965378 0.0414699 0.0189948 0.00999772 0.00630896 0.00413998 0.00257414 0.00151236 0.000834655 0.00344381
 0.0335332 0.195683 0.360898 0.224071 0.0965378 0.0414699 0.0189948 0.00999772 0.00630896 0.00413998 0.00257414 0.00151236 0.000834655 0.00344381
 0.0335336 0.195683 0.360898 0.224071 0.0965377 0.0414698 0.0189947 0.00999771 0.00630895 0.00413998 0.00257414 0.00151236 0.000834654 0.0034438
 0.0335336 0.195683 0.360898 0.224071 0.0965377 0.0414698 0.0189947 0.00999771 0.00630895 0.00413998 0.00257414 0.00151236 0.000834654 0.0034438
 0.0336547 0.196389 0.3622 0.222907 0.0960361 0.0412544 0.018896 0.00994576 0.00627617 0.00411846 0.00256076 0.0015045 0.000830317 0.00342591
 0.0338041 0.197261 0.363808 0.22147 0.0954169 0.0409884 0.0187742 0.00988164 0.00623571 0.00409191 0.00254425 0.0014948 0.000824964 0.00340382
 0.0339696 0.198227 0.365589 0.219878 0.0947309 0.0406937 0.0186392 0.00981059 0.00619087 0.00406249 0.00252596 0.00148406 0.000819033 0.00337935
 0.0339696 0.198227 0.365589 0.219878 0.0947309 0.0406937 0.0186392 0.00981059 0.00619087 0.00406249 0.00252596 0.00148406 0.000819033 0.00337935
 0.0155377 0.128723 0.364059 0.30207 0.10817 0.0405736 0.017601 0.00861101 0.00494026 0.00318457 0.00205932 0.00126842 0.00074493 0.00245631
 0.0155969 0.129214 0.365447 0.30088 0.107743 0.0404136 0.0175316 0.00857705 0.00492078 0.00317202 0.0020512 0.00126341 0.000741992 0.00244662
 0.0156438 0.129602 0.366544 0.299939 0.107406 0.0402873 0.0174768 0.00855023 0.00490539 0.0031621 0.00204478 0.00125946 0.000739672 0.00243897
 0.0156859 0.129952 0.367532 0.299092 0.107103 0.0401734 0.0174274 0.00852607 0.00489153 0.00315316 0.002039 0.0012559 0.000737582 0.00243208
 0.00778372 0.0830955 0.317977 0.35831 0.145779 0.0474568 0.0184665 0.00844503 0.00445288 0.00270119 0.00175366 0.00112311 0.000693858 0.00196152
 0.00778372 0.0830955 0.317977 0.35831 0.145779 0.0474568 0.0184665 0.00844503 0.00445288 0.00270119 0.00175366 0.00112311 0.000693858 0.00196152
 0.102856 0.0751334 0.287509 0.323977 0.131811 0.0429095 0.0166971 0.00763584 0.00402621 0.00244236 0.00158563 0.00101549 0.000627373 0.00177357
 0.102856 0.0751334 0.287509 0.323977 0.131811 0.0429095 0.0166971 0.00763584 0.00402621 0.00244236 0.00158563 0.00101549 0.000627373 0.00177357
 0.103348 0.0754927 0.288884 0.322628 0.131262 0.0427308 0.0166275 0.00760403 0.00400944 0.00243219 0.00157902 0.00101126 0.00062476 0.00176619
 0.103788 0.0758142 0.290114 0.321421 0.130771 0.0425709 0.0165653 0.00757558 0.00399444 0.00242309 0.00157311 0.00100748 0.000622422 0.00175958
 0.103977 0.0759521 0.290641 0.320903 0.13056 0.0425023 0.0165386 0.00756337 0.003988 0.00241919 0.00157058 0.00100586 0.000621419 0.00175674
 0.103977 0.0759521 0.290641 0.320903 0.13056 0.0425023 0.0165386 0.00756337 0.003988 0.00241919 0.00157058 0.00100586 0.000621419 0.00175674
 0.0497238 0.164151 0.232029 0.309584 0.155822 0.0528706 0.0183096 0.00760297 0.00370689 0.00208576 0.00130898 0.000851435 0.000547995 0.00140483
 0.0497289 0.164168 0.232053 0.309559 0.155809 0.0528663 0.018308 0.00760234 0.00370658 0.00208559 0.00130888 0.000851365 0.000547949 0.00140472
 0.0498727 0.164643 0.232724 0.308839 0.155447 0.0527432 0.0182654 0.00758465 0.00369795 0.00208073 0.00130583 0.000849383 0.000546674 0.00140145
 0.0499679 0.164957 0.233168 0.308362 0.155207 0.0526618 0.0182372 0.00757294 0.00369224 0.00207752 0.00130381 0.000848072 0.00054583 0.00139928
 0.0240661 0.139845 0.290685 0.280951 0.162314 0.063227 0.0217881 0.00816612 0.00362896 0.00188543 0.00111575 0.000714893 0.000470872 0.00114139
 0.0240661 0.139845 0.290685 0.280951 0.162314 0.063227 0.0217881 0.00816612 0.00362896 0.00188543 0.00111575 0.000714893 0.000470872 0.00114139
 0.0728778 0.13285 0.276147 0.2669 0.154196 0.0600647 0.0206983 0.00775769 0.00344746 0.00179113 0.00105994 0.000679138 0.000447321 0.00108431
 0.0728778 0.13285 0.276147 0.2669 0.154196 0.0600647 0.0206983 0.00775769 0.00344746 0.00179113 0.00105994 0.000679138 0.000447321 0.00108431
 0.0734887 0.133964 0.278461 0.264819 0.152994 0.0595965 0.020537 0.00769721 0.00342058 0.00177716 0.00105168 0.000673843 0.000443834 0.00107585
 0.0746003 0.13599 0.282672 0.261034 0.150806 0.0587444 0.0202433 0.00758716 0.00337167 0.00175175 0.00103664 0.000664209 0.000437488 0.00106047
 0.0753887 0.137427 0.285659 0.258349 0.149255 0.0581401 0.0200351 0.00750911 0.00333699 0.00173373 0.00102598 0.000657376 0.000432988 0.00104956
 0.0753887 0.137427 0.285659 0.258349 0.149255 0.0581401 0.0200351 0.00750911 0.00333699 0.00173373 0.00102598 0.000657376 0.000432988 0.00104956
 0.0355026 0.155065 0.28421 0.279732 0.143551 0.0623815 0.0233629 0.0084864 0.00342741 0.00162689 0.000894788 0.000549705 0.000361461 0.000847981
 0.0360306 0.157371 0.288436 0.275973 0.141621 0.0615428 0.0230488 0.00837231 0.00338133 0.00160502 0.000882758 0.000542315 0.000356602 0.000836581
 0.0364051 0.159007 0.291434 0.273306 0.140252 0.060948 0.0228261 0.00829138 0.00334865 0.0015895 0.000874226 0.000537073 0.000353155 0.000828495
 0.0368387 0.1609 0.294904 0.270218 0.138668 0.0602593 0.0225682 0.0081977 0.00331081 0.00157154 0.000864348 0.000531005 0.000349165 0.000819134
 0.0178332 0.122191 0.313724 0.297895 0.144608 0.0616057 0.0251194 0.00953014 0.00366973 0.00158841 0.000801707 0.000462687 0.00029597 0.00067429
 0.0178332 0.122191 0.313724 0.297895 0.144608 0.0616057 0.0251194 0.00953014 0.00366973 0.00158841 0.000801707 0.000462687 0.00029597 0.00067429
 0.0684493 0.115894 0.297556 0.282543 0.137156 0.0584308 0.0238248 0.009039 0.00348061 0.00150655 0.000760391 0.000438843 0.000280717 0.00063954
 0.0684493 0.115894 0.297556 0.282543 0.137156 0.0584308 0.0238248 0.009039 0.00348061 0.00150655 0.000760391 0.000438843 0.000280717 0.00063954
 0.0691213 0.117032 0.300477 0.279964 0.135903 0.0578973 0.0236073 0.00895647 0.00344883 0.0014928 0.000753449 0.000434836 0.000278154 0.000633701
 0.0694122 0.117525 0.301741 0.278847 0.135361 0.0576663 0.0235131 0.00892074 0.00343508 0.00148684 0.000750443 0.000433101 0.000277044 0.000631173
 0.0703283 0.119076 0.305723 0.275331 0.133654 0.0569389 0.0232165 0.00880821 0.00339174 0.00146809 0.000740976 0.000427638 0.000273549 0.000623211
 0.0703283 0.119076 0.305723 0.275331 0.133654 0.0569389 0.0232165 0.00880821 0.00339174 0.00146809 0.000740976 0.000427638 0.000273549 0.000623211
 0.163818 0.123379 0.240065 0.260406 0.124897 0.051222 0.0212715 0.00859232 0.00335661 0.00137016 0.000632351 0.000337287 0.000205073 0.000447584
 0.164977 0.124252 0.241764 0.258351 0.123911 0.0508177 0.0211036 0.0085245 0.00333011 0.00135934 0.00062736 0.000334625 0.000203454 0.000444052
 0.166427 0.125344 0.243888 0.255781 0.122678 0.0503121 0.0208936 0.00843968 0.00329698 0.00134582 0.000621118 0.000331295 0.00020143 0.000439633
 0.167369 0.126053 0.245267 0.254113 0.121878 0.0499838 0.0207573 0.00838462 0.00327547 0.00133704 0.000617065 0.000329133 0.000200115 0.000436765
 0.0726639 0.241491 0.250733 0.234876 0.118609 0.0478486 0.0195863 0.00815952 0.00332618 0.00134784 0.000582346 0.000285093 0.000161555 0.000329066
 0.0726639 0.241491 0.250733 0.234876 0.118609 0.0478486 0.0195863 0.00815952 0.00332618 0.00134784 0.000582346 0.000285093 0.000161555 0.000329066
 0.125684 0.227684 0.236398 0.221447 0.111828 0.0451129 0.0184665 0.007693 0.00313601 0.00127077 0.000549051 0.000268793 0.000152318 0.000310252
 0.125684 0.227684 0.236398 0.221447 0.111828 0.0451129 0.0184665 0.007693 0.00313601 0.00127077 0.000549051 0.000268793 0.000152318 0.000310252
 0.126549 0.229251 0.238024 0.219256 0.110721 0.0446666 0.0182838 0.00761689 0.00310498 0.0012582 0.000543619 0.000266134 0.000150811 0.000307183
 0.127502 0.230979 0.239817 0.216841 0.109502 0.0441745 0.0180824 0.00753297 0.00307078 0.00124434 0.000537629 0.000263202 0.00014915 0.000303798
 0.128274 0.232376 0.241268 0.214887 0.108515 0.0437764 0.0179194 0.00746509 0.0030431 0.00123313 0.000532785 0.00026083 0.000147805 0.000301061
 0.128274 0.232376 0.241268 0.214887 0.108515 0.0437764 0.0179194 0.00746509 0.0030431 0.00123313 0.000532785 0.00026083 0.000147805 0.000301061
 0.0533304 0.232339 0.328757 0.216316 0.0998391 0.0408341 0.0165033 0.00689187 0.00290003 0.00120469 0.000508289 0.000231935 0.000121171 0.000222613
 0.0534513 0.232866 0.329502 0.215535 0.0994784 0.0406866 0.0164436 0.00686696 0.00288955 0.00120034 0.000506453 0.000231097 0.000120734 0.000221809
 0.0536436 0.233704 0.330687 0.214292 0.0989048 0.040452 0.0163488 0.00682737 0.00287289 0.00119342 0.000503533 0.000229764 0.000120038 0.00022053
 0.053832 0.234525 0.331848 0.213075 0.0983428 0.0402221 0.0162559 0.00678858 0.00285657 0.00118664 0.000500672 0.000228459 0.000119355 0.000219277
 0.0236293 0.16165 0.373724 0.272369 0.102069 0.0391936 0.0158043 0.00656082 0.00279377 0.00119252 0.000507897 0.000223544 0.000108565 0.00017401
 0.0236293 0.16165 0.373724 0.272369 0.102069 0.0391936 0.0158043 0.00656082 0.00279377 0.00119252 0.000507897 0.000223544 0.000108565 0.00017401
 0.0900223 0.150657 0.348311 0.253848 0.0951281 0.0365284 0.0147296 0.00611469 0.00260379 0.00111142 0.00047336 0.000208343 0.000101182 0.000162178
 0.0900223 0.150657 0.348311 0.253848 0.0951281 0.0365284 0.0147296 0.00611469 0.00260379 0.00111142 0.00047336 0.000208343 0.000101182 0.000162178
 0.0904431 0.151362 0.349939 0.252148 0.094491 0.0362838 0.0146309 0.00607374 0.00258635 0.00110398 0.00047019 0.000206947 0.000100505 0.000161091
 0.0910623 0.152398 0.352334 0.249647 0.0935533 0.0359237 0.0144857 0.00601346 0.00256069 0.00109303 0.000465524 0.000204894 9.95074e-05 0.000159493
 0.0917102 0.153482 0.35484 0.247029 0.0925722 0.035547 0.0143338 0.0059504 0.00253383 0.00108156 0.000460642 0.000202745 9.84639e-05 0.00015782
 0.0917102 0.153482 0.35484 0.247029 0.0925722 0.035547 0.0143338 0.0059504 0.00253383 0.00108156 0.000460642 0.000202745 9.84639e-05 0.00015782
 0.0408345 0.172399 0.316642 0.296695 0.111449 0.0372479 0.014317 0.00590159 0.00251428 0.00109034 0.00047383 0.000207749 9.6371e-05 0.000132486
 0.040964 0.172946 0.317646 0.295634 0.11105 0.0371147 0.0142658 0.00588048 0.00250529 0.00108644 0.000472135 0.000207006 9.60264e-05 0.000132013
 0.0412579 0.174187 0.319924 0.293228 0.110146 0.0368126 0.0141497 0.00583262 0.0024849 0.0010776 0.000468292 0.000205321 9.52447e-05 0.000130938
 0.0413655 0.174641 0.320758 0.292347 0.109815 0.0367019 0.0141071 0.00581509 0.00247743 0.00107436 0.000466885 0.000204704 9.49585e-05 0.000130545
 0.0193907 0.130103 0.330299 0.314214 0.135986 0.0439761 0.0153193 0.00608084 0.00257352 0.00112184 0.000495411 0.000219874 0.000100426 0.000119689
 0.0193907 0.130103 0.330299 0.314214 0.135986 0.0439761 0.0153193 0.00608084 0.00257352 0.00112184 0.000495411 0.000219874 0.000100426 0.000119689
 0.0520225 0.125774 0.319307 0.303758 0.131461 0.0425127 0.0148095 0.00587849 0.00248788 0.00108451 0.000478925 0.000212558 9.70844e-05 0.000115706
 0.0520225 0.125774 0.319307 0.303758 0.131461 0.0425127 0.0148095 0.00587849 0.00248788 0.00108451 0.000478925 0.000212558 9.70844e-05 0.000115706
 0.0526421 0.127272 0.323109 0.300183 0.129913 0.0420122 0.0146352 0.00580928 0.00245859 0.00107174 0.000473287 0.000210055 9.59414e-05 0.000114344
 0.0532259 0.128683 0.326692 0.296814 0.128455 0.0415406 0.0144709 0.00574407 0.00243099 0.00105971 0.000467974 0.000207697 9.48644e-05 0.00011306
 0.0536324 0.129666 0.329186 0.294469 0.12744 0.0412123 0.0143565 0.00569867 0.00241178 0.00105134 0.000464275 0.000206056 9.41147e-05 0.000112167
 0.0536324 0.129666 0.329186 0.294469 0.12744 0.0412123 0.0143565 0.00569867 0.00241178 0.00105134 0.000464275 0.000206056 9.41147e-05 0.000112167
 0.0256741 0.127043 0.296364 0.32353 0.147953 0.051381 0.0170954 0.0063057 0.00259016 0.00112426 0.000500431 0.000225222 0.000103271 0.000110317
 0.025829 0.12781 0.298151 0.32194 0.147226 0.0511284 0.0170113 0.0062747 0.00257742 0.00111873 0.00049797 0.000224114 0.000102763 0.000109775
 0.0259623 0.128469 0.299689 0.320571 0.146599 0.0509109 0.0169389 0.00624801 0.00256646 0.00111397 0.000495852 0.000223161 0.000102326 0.000109308
 0.026143 0.129363 0.301774 0.318715 0.145751 0.0506162 0.0168409 0.00621184 0.0025516 0.00110752 0.000492982 0.000221869 0.000101734 0.000108675
 0.0131273 0.0973873 0.29183 0.332916 0.168434 0.0622736 0.0213543 0.00750267 0.00291168 0.00123465 0.000548631 0.000249132 0.00011543 0.00011496
 0.0131273 0.0973873 0.29183 0.332916 0.168434 0.0622736 0.0213543 0.00750267 0.00291168 0.00123465 0.000548631 0.000249132 0.00011543 0.00011496
 0.0754047 0.0912416 0.273414 0.311907 0.157805 0.0583438 0.0200068 0.00702921 0.00272794 0.00115673 0.000514009 0.00023341 0.000108145 0.000107706
 0.0754047 0.0912416 0.273414 0.311907 0.157805 0.0583438 0.0200068 0.00702921 0.00272794 0.00115673 0.000514009 0.00023341 0.000108145 0.000107706
 0.0762858 0.0923077 0.276608 0.309044 0.156356 0.057808 0.019823 0.00696466 0.00270289 0.00114611 0.000509289 0.000231267 0.000107152 0.000106717
 0.0766453 0.0927427 0.277911 0.307875 0.155764 0.0575894 0.0197481 0.00693832 0.00269267 0.00114178 0.000507363 0.000230392 0.000106747 0.000106313
 0.0770681 0.0932543 0.279444 0.306501 0.155069 0.0573323 0.0196599 0.00690734 0.00268064 0.00113668 0.000505098 0.000229364 0.00010627 0.000105838
 0.0770681 0.0932543 0.279444 0.306501 0.155069 0.0573323 0.0196599 0.00690734 0.00268064 0.00113668 0.000505098 0.000229364 0.00010627 0.000105838
 0.0376927 0.142079 0.245282 0.305037 0.165663 0.0663714 0.0239621 0.00846774 0.00313601 0.00127126 0.000554859 0.00025206 0.000117801 0.000112923
 0.038088 0.143569 0.247853 0.302673 0.164379 0.0658569 0.0237763 0.0084021 0.0031117 0.0012614 0.000550558 0.000250106 0.000116888 0.000112048
 0.0383011 0.144372 0.24924 0.301398 0.163686 0.0655794 0.0236762 0.0083667 0.00309859 0.00125609 0.000548238 0.000249052 0.000116395 0.000111576
 0.0385034 0.145135 0.250556 0.300188 0.163029 0.065316 0.0235811 0.0083331 0.00308614 0.00125105 0.000546036 0.000248052 0.000115928 0.000111128
 0.0191305 0.119907 0.284204 0.293023 0.167468 0.0719834 0.0277766 0.010183 0.00373917 0.00145191 0.000611211 0.000273925 0.000128254 0.000120667
 0.0191305 0.119907 0.284204 0.293023 0.167468 0.0719834 0.0277766 0.010183 0.00373917 0.00145191 0.000611211 0.000273925 0.000128254 0.000120667
 0.131004 0.106231 0.251789 0.259602 0.148368 0.0637733 0.0246085 0.00902159 0.0033127 0.00128631 0.000541499 0.000242682 0.000113626 0.000106904
 0.131004 0.106231 0.251789 0.259602 0.148368 0.0637733 0.0246085 0.00902159 0.0033127 0.00128631 0.000541499 0.000242682 0.000113626 0.000106904
 0.13226 0.107249 0.254202 0.25722 0.147006 0.0631881 0.0243827 0.0089388 0.0032823 0.00127451 0.00053653 0.000240455 0.000112583 0.000105923
 0.133317 0.108107 0.256234 0.255216 0.14586 0.0626956 0.0241927 0.00886913 0.00325672 0.00126458 0.000532348 0.000238581 0.000111706 0.000105097
 0.134648 0.109186 0.258791 0.252692 0.144418 0.0620754 0.0239533 0.0087814 0.0032245 0.00125207 0.000527082 0.000236221 0.000110601 0.000104058
 0.134648 0.109186 0.258791 0.252692 0.144418 0.0620754 0.0239533 0.0087814 0.0032245 0.00125207 0.000527082 0.000236221 0.000110601 0.000104058
 0.12243 0.193162 0.229271 0.235111 0.125502 0.0565784 0.0232908 0.00901588 0.00338839 0.00129398 0.000524061 0.00022809 0.000105723 9.83356e-05
 0.123183 0.194351 0.230681 0.23338 0.124578 0.0561616 0.0231192 0.00894948 0.00336343 0.00128445 0.000520201 0.00022641 0.000104944 9.76113e-05
 0.123308 0.194548 0.230915 0.233093 0.124425 0.0560926 0.0230908 0.00893847 0.0033593 0.00128287 0.000519562 0.000226131 0.000104815 9.74913e-05
 0.123651 0.195088 0.231556 0.232305 0.124004 0.055903 0.0230127 0.00890826 0.00334794 0.00127853 0.000517806 0.000225367 0.000104461 9.71618e-05
 0.0535673 0.221145 0.302361 0.223523 0.113041 0.0500932 0.0216248 0.00886756 0.0034799 0.00134535 0.000533613 0.000224416 0.000101559 9.2995e-05
 0.0535673 0.221145 0.302361 0.223523 0.113041 0.0500932 0.0216248 0.00886756 0.0034799 0.00134535 0.000533613 0.000224416 0.000101559 9.2995e-05
 0.376522 0.145683 0.199185 0.147249 0.0744673 0.0329997 0.0142457 0.00584165 0.00229244 0.000886269 0.000351526 0.000147838 6.69036e-05 6.1262e-05
 0.376522 0.145683 0.199185 0.147249 0.0744673 0.0329997 0.0142457 0.00584165 0.00229244 0.000886269 0.000351526 0.000147838 6.69036e-05 6.1262e-05
 0.378095 0.146291 0.200017 0.145657 0.073662 0.0326428 0.0140916 0.00577847 0.00226765 0.000876685 0.000347724 0.000146239 6.61801e-05 6.05994e-05
 0.379224 0.146728 0.200613 0.144514 0.0730839 0.0323866 0.013981 0.00573312 0.00224985 0.000869804 0.000344995 0.000145091 6.56606e-05 6.01238e-05
 0.380615 0.147267 0.201349 0.143106 0.0723714 0.0320709 0.0138447 0.00567723 0.00222792 0.000861324 0.000341632 0.000143677 6.50205e-05 5.95377e-05
 0.380615 0.147267 0.201349 0.143106 0.0723714 0.0320709 0.0138447 0.00567723 0.00222792 0.000861324 0.000341632 0.000143677 6.50205e-05 5.95377e-05
 0.133231 0.395145 0.234113 0.13911 0.056711 0.0238193 0.0103472 0.00444498 0.00183426 0.00073312 0.000291939 0.000120025 5.26912e-05 4.69226e-05
 0.13349 0.395914 0.234568 0.138241 0.0563569 0.0236706 0.0102826 0.00441723 0.00182281 0.000728542 0.000290116 0.000119276 5.23622e-05 4.66296e-05
 0.133765 0.396729 0.235051 0.13732 0.0559812 0.0235127 0.010214 0.00438778 0.00181065 0.000723684 0.000288182 0.000118481 5.20131e-05 4.63187e-05
 0.133896 0.397118 0.235282 0.13688 0.0558019 0.0234375 0.0101813 0.00437373 0.00180486 0.000721368 0.000287259 0.000118101 5.18466e-05 4.61704e-05
 0.0492095 0.269838 0.421998 0.172605 0.0533626 0.0190051 0.00794235 0.00347374 0.00149828 0.000625176 0.000255174 0.000104694 4.49046e-05 3.84558e-05
 0.0492095 0.269838 0.421998 0.172605 0.0533626 0.0190051 0.00794235 0.00347374 0.00149828 0.000625176 0.000255174 0.000104694 4.49046e-05 3.84558e-05
 0.0566686 0.267721 0.418687 0.171251 0.052944 0.018856 0.00788004 0.00344649 0.00148653 0.000620272 0.000253173 0.000103873 4.45523e-05 3.81541e-05
 0.0566686 0.267721 0.418687 0.171251 0.052944 0.018856 0.00788004 0.00344649 0.00148653 0.000620272 0.000253173 0.000103873 4.45523e-05 3.81541e-05
 0.0567926 0.268306 0.419602 0.170168 0.0526091 0.0187368 0.00783021 0.00342469 0.00147712 0.000616349 0.000251572 0.000103216 4.42705e-05 3.79128e-05
 0.0569936 0.269256 0.421087 0.168411 0.052066 0.0185434 0.00774937 0.00338934 0.00146188 0.000609986 0.000248974 0.000102151 4.38135e-05 3.75214e-05
 0.0572429 0.270434 0.422928 0.166233 0.0513925 0.0183035 0.00764913 0.00334549 0.00144297 0.000602096 0.000245754 0.000100829 4.32467e-05 3.7036e-05
 0.0572429 0.270434 0.422928 0.166233 0.0513925 0.0183035 0.00764913 0.00334549 0.00144297 0.000602096 0.000245754 0.000100829 4.32467e-05 3.7036e-05
 0.0236428 0.170229 0.420518 0.284961 0.0694044 0.0189989 0.0069659 0.00297437 0.00131382 0.000571178 0.000241747 0.000100938 4.30137e-05 3.54027e-05
 0.0237455 0.170969 0.422344 0.282989 0.0689241 0.0188674 0.00691769 0.00295379 0.00130473 0.000567224 0.000240073 0.000100239 4.2716e-05 3.51577e-05
 0.0237863 0.171262 0.423069 0.282205 0.0687332 0.0188152 0.00689854 0.00294561 0.00130111 0.000565654 0.000239409 9.99617e-05 4.25977e-05 3.50603e-05
 0.0238157 0.171474 0.423591 0.281642 0.068596 0.0187776 0.00688476 0.00293972 0.00129852 0.000564524 0.00023893 9.97621e-05 4.25126e-05 3.49903e-05
 0.0110428 0.106196 0.365565 0.360834 0.116743 0.0265486 0.00775008 0.00298538 0.0013024 0.00058137 0.000255431 0.000109913 4.73851e-05 3.79574e-05
 0.0110428 0.106196 0.365565 0.360834 0.116743 0.0265486 0.00775008 0.00298538 0.0013024 0.00058137 0.000255431 0.000109913 4.73851e-05 3.79574e-05
 0.0414042 0.102936 0.354342 0.349757 0.113158 0.0257336 0.00751215 0.00289373 0.00126242 0.000563521 0.000247589 0.000106538 4.59304e-05 3.67921e-05
 0.0414042 0.102936 0.354342 0.349757 0.113158 0.0257336 0.00751215 0.00289373 0.00126242 0.000563521 0.000247589 0.000106538 4.59304e-05 3.67921e-05
 0.0419525 0.104299 0.359033 0.345151 0.111668 0.0253946 0.0074132 0.00285561 0.00124579 0.000556098 0.000244328 0.000105135 4.53254e-05 3.63075e-05
 0.0424664 0.105577 0.36343 0.340834 0.110271 0.0250769 0.00732045 0.00281988 0.0012302 0.000549141 0.000241271 0.00010382 4.47583e-05 3.58532e-05
 0.0426801 0.106108 0.365258 0.339039 0.10969 0.0249448 0.00728189 0.00280503 0.00122372 0.000546249 0.00024 0.000103273 4.45225e-05 3.56644e-05
 0.0426801 0.106108 0.365258 0.339039 0.10969 0.0249448 0.00728189 0.00280503 0.00122372 0.000546249 0.00024 0.000103273 4.45225e-05 3.56644e-05
 0.0493115 0.101489 0.283239 0.357666 0.152519 0.0403108 0.0099781 0.00317601 0.00127931 0.000568808 0.00025677 0.000114257 5.04911e-05 4.01898e-05
 0.0497082 0.102306 0.285517 0.35546 0.151578 0.0400621 0.00991654 0.00315642 0.00127142 0.000565299 0.000255186 0.000113552 5.01796e-05 3.99419e-05
 0.0499706 0.102846 0.287024 0.354001 0.150956 0.0398976 0.00987582 0.00314345 0.0012662 0.000562977 0.000254138 0.000113086 4.99735e-05 3.97779e-05
 0.0501777 0.103272 0.288213 0.352849 0.150465 0.0397677 0.00984368 0.00313323 0.00126208 0.000561145 0.000253311 0.000112718 4.98109e-05 3.96484e-05
 0.0250929 0.11536 0.260482 0.337591 0.179998 0.058964 0.0156424 0.00427359 0.00147075 0.000615241 0.000278278 0.000127162 5.79004e-05 4.67796e-05
 0.0250929 0.11536 0.260482 0.337591 0.179998 0.058964 0.0156424 0.00427359 0.00147075 0.000615241 0.000278278 0.000127162 5.79004e-05 4.67796e-05
 0.040734 0.113509 0.256303 0.332175 0.17711 0.058018 0.0153914 0.00420502 0.00144716 0.00060537 0.000273813 0.000125122 5.69715e-05 4.60291e-05
 0.040734 0.113509 0.256303 0.332175 0.17711 0.058018 0.0153914 0.00420502 0.00144716 0.00060537 0.000273813 0.000125122 5.69715e-05 4.60291e-05
 0.0413417 0.115203 0.260126 0.328724 0.17527 0.0574151 0.0152314 0.00416133 0.00143212 0.000599079 0.000270968 0.000123821 5.63794e-05 4.55507e-05
 0.0418205 0.116537 0.263138 0.326005 0.17382 0.0569401 0.0151055 0.0041269 0.00142027 0.000594124 0.000268727 0.000122797 5.59131e-05 4.51739e-05
 0.0421663 0.117501 0.265314 0.324041 0.172772 0.056597 0.0150144 0.00410203 0.00141171 0.000590543 0.000267107 0.000122057 5.55761e-05 4.49017e-05
 0.0421663 0.117501 0.265314 0.324041 0.172772 0.056597 0.0150144 0.00410203 0.00141171 0.000590543 0.000267107 0.000122057 5.55761e-05 4.49017e-05
 0.0211557 0.112304 0.264409 0.314728 0.182971 0.0724679 0.0225735 0.00627504 0.0018749 0.000689411 0.000297772 0.000136883 6.39441e-05 5.32512e-05
 0.0212697 0.112909 0.265833 0.313608 0.182319 0.07221 0.0224931 0.0062527 0.00186823 0.000686957 0.000296712 0.000136396 6.37165e-05 5.30616e-05
 0.0213724 0.113454 0.267116 0.312599 0.181733 0.0719775 0.0224207 0.00623258 0.00186221 0.000684746 0.000295757 0.000135957 6.35114e-05 5.28908e-05
 0.0215096 0.114182 0.268831 0.31125 0.180948 0.0716669 0.022324 0.00620568 0.00185418 0.000681791 0.000294481 0.00013537 6.32373e-05 5.26626e-05
 0.0111505 0.0866425 0.266816 0.319846 0.187954 0.0832786 0.0304667 0.00950603 0.0027937 0.000902822 0.000350922 0.000155833 7.34366e-05 6.33541e-05
 0.0111505 0.0866425 0.266816 0.319846 0.187954 0.0832786 0.0304667 0.00950603 0.0027937 0.000902822 0.000350922 0.000155833 7.34366e-05 6.33541e-05
 0.0593467 0.0824196 0.253811 0.304257 0.178793 0.0792196 0.0289817 0.00904271 0.00265753 0.000858818 0.000333819 0.000148237 6.98573e-05 6.02663e-05
 0.0593467 0.0824196 0.253811 0.304257 0.178793 0.0792196 0.0289817 0.00904271 0.00265753 0.000858818 0.000333819 0.000148237 6.98573e-05 6.02663e-05
 0.0601679 0.0835601 0.257323 0.301502 0.177174 0.0785022 0.0287192 0.00896081 0.00263347 0.00085104 0.000330795 0.000146895 6.92246e-05 5.97205e-05
 0.0609853 0.0846952 0.260817 0.298761 0.175562 0.0777881 0.028458 0.0088793 0.00260951 0.000843299 0.000327786 0.000145559 6.8595e-05 5.91773e-05
 0.0617162 0.0857103 0.263943 0.296309 0.174121 0.0771495 0.0282244 0.00880641 0.00258809 0.000836376 0.000325095 0.000144364 6.80318e-05 5.86914e-05
 0.0617162 0.0857103 0.263943 0.296309 0.174121 0.0771495 0.0282244 0.00880641 0.00258809 0.000836376 0.000325095 0.000144364 6.80318e-05 5.86914e-05
 0.0312116 0.123095 0.234658 0.300798 0.176467 0.0821858 0.0337769 0.0120561 0.00383358 0.00119247 0.000412579 0.00016806 7.71942e-05 6.82819e-05
 0.0314809 0.124158 0.236682 0.299146 0.175497 0.0817343 0.0335914 0.0119898 0.00381252 0.00118592 0.000410313 0.000167137 7.67701e-05 6.79068e-05
 0.0318729 0.125704 0.239628 0.296742 0.174086 0.0810773 0.0333214 0.0118935 0.00378188 0.00117639 0.000407014 0.000165794 7.6153e-05 6.7361e-05
 0.0322931 0.127361 0.242787 0.294165 0.172574 0.080373 0.0330319 0.0117901 0.00374902 0.00116617 0.000403478 0.000164353 7.54914e-05 6.67758e-05
 0.0165327 0.106441 0.267834 0.292595 0.174508 0.0830615 0.0366089 0.0146086 0.00518862 0.00169582 0.000557422 0.000204665 8.75578e-05 7.68982e-05
 0.0165327 0.106441 0.267834 0.292595 0.174508 0.0830615 0.0366089 0.0146086 0.00518862 0.00169582 0.000557422 0.000204665 8.75578e-05 7.68982e-05
 0.0167233 0.10642 0.267782 0.292538 0.174474 0.0830454 0.0366018 0.0146057 0.00518761 0.00169549 0.000557314 0.000204625 8.75409e-05 7.68832e-05
 0.0167233 0.10642 0.267782 0.292538 0.174474 0.0830454 0.0366018 0.0146057 0.00518761 0.00169549 0.000557314 0.000204625 8.75409e-05 7.68832e-05
 0.0172287 0.109636 0.275873 0.286866 0.17109 0.0814346 0.0358918 0.0143224 0.00508699 0.0016626 0.000546504 0.000200656 8.58429e-05 7.5392e-05
 0.0177861 0.113183 0.284795 0.28061 0.167358 0.0796583 0.0351089 0.01401 0.00497603 0.00162634 0.000534583 0.000196279 8.39704e-05 7.37475e-05
 0.0180166 0.11465 0.288485 0.278023 0.165814 0.0789235 0.0347851 0.0138808 0.00493013 0.00161133 0.000529652 0.000194469 8.31959e-05 7.30672e-05
 0.0180166 0.11465 0.288485 0.278023 0.165814 0.0789235 0.0347851 0.0138808 0.00493013 0.00161133 0.000529652 0.000194469 8.31959e-05 7.30672e-05
 0.00931072 0.0819366 0.275447 0.315459 0.171399 0.0824129 0.0377816 0.016308 0.00641908 0.00229382 0.000774234 0.000268169 0.000104583 8.65596e-05
 0.00954257 0.0839769 0.282304 0.310912 0.168927 0.0812247 0.0372368 0.0160728 0.00632653 0.00226075 0.000763071 0.000264303 0.000103075 8.53115e-05
 0.00971473 0.0854919 0.287396 0.307535 0.167092 0.0803423 0.0368323 0.0158982 0.00625781 0.00223619 0.000754782 0.000261432 0.000101955 8.43848e-05
 0.00985499 0.0867263 0.291545 0.304785 0.165597 0.0796235 0.0365028 0.015756 0.00620181 0.00221618 0.000748028 0.000259092 0.000101043 8.36298e-05
 0.00535475 0.0598603 0.256151 0.340031 0.183869 0.0847945 0.039579 0.0179749 0.00766849 0.00300551 0.00108846 0.00038037 0.000139427 0.000104025
 0.00535475 0.0598603 0.256151 0.340031 0.183869 0.0847945 0.039579 0.0179749 0.00766849 0.00300551 0.00108846 0.00038037 0.000139427 0.000104025
 0.0439621 0.0575368 0.246208 0.326833 0.176732 0.0815032 0.0380427 0.0172772 0.00737083 0.00288885 0.00104621 0.000365606 0.000134015 9.9987e-05
 0.0439621 0.0575368 0.246208 0.326833 0.176732 0.0815032 0.0380427 0.0172772 0.00737083 0.00288885 0.00104621 0.000365606 0.000134015 9.9987e-05
 0.0451874 0.0591405 0.253069 0.321978 0.174106 0.0802922 0.0374775 0.0170204 0.00726132 0.00284593 0.00103067 0.000360174 0.000132024 9.85014e-05
 0.046416 0.0607485 0.259948 0.317111 0.171473 0.0790781 0.0369107 0.0167631 0.00715151 0.00280289 0.00101508 0.000354727 0.000130028 9.70118e-05
 0.047618 0.0623216 0.266679 0.312349 0.168897 0.0778902 0.0363563 0.0165113 0.00704409 0.00276079 0.000999834 0.000349399 0.000128074 9.55546e-05
 0.047618 0.0623216 0.266679 0.312349 0.168897 0.0778902 0.0363563 0.0165113 0.00704409 0.00276079 0.000999834 0.000349399 0.000128074 9.55546e-05
 0.0250702 0.0969144 0.215665 0.320314 0.186356 0.0846699 0.0389439 0.0181842 0.00821654 0.00348426 0.00136911 0.000505053 0.000184242 0.000124016
 0.0254938 0.0985519 0.219308 0.317555 0.18475 0.0839406 0.0386085 0.0180275 0.00814576 0.00345425 0.00135731 0.000500702 0.000182655 0.000122948
 0.0260702 0.10078 0.224266 0.313802 0.182566 0.0829481 0.038152 0.0178144 0.00804945 0.0034134 0.00134126 0.000494782 0.000180495 0.000121494
 0.0266787 0.103133 0.2295 0.30984 0.18026 0.0819004 0.0376701 0.0175894 0.00794778 0.00337029 0.00132432 0.000488532 0.000178215 0.000119959
 0.0142303 0.0905317 0.242779 0.30062 0.188388 0.0886559 0.0403256 0.0188761 0.00884042 0.00398284 0.00168678 0.000668051 0.000253686 0.000161389
 0.0142303 0.0905317 0.242779 0.30062 0.188388 0.0886559 0.0403256 0.0188761 0.00884042 0.00398284 0.00168678 0.000668051 0.000253686 0.000161389
 0.0519664 0.087066 0.233485 0.289112 0.181176 0.085262 0.0387819 0.0181535 0.008502 0.00383037 0.0016222 0.000642477 0.000243975 0.000155211
 0.0519664 0.087066 0.233485 0.289112 0.181176 0.085262 0.0387819 0.0181535 0.008502 0.00383037 0.0016222 0.000642477 0.000243975 0.000155211
 0.0530981 0.0889623 0.238569 0.285375 0.178834 0.0841596 0.0382805 0.0179188 0.00839207 0.00378084 0.00160123 0.00063417 0.00024082 0.000153204
 0.0540457 0.0905499 0.242826 0.282247 0.176872 0.0832366 0.0378606 0.0177222 0.00830003 0.00373938 0.00158367 0.000627215 0.000238179 0.000151524
 0.0548854 0.0919567 0.246598 0.279474 0.175134 0.0824187 0.0374886 0.0175481 0.00821848 0.00370263 0.00156811 0.000621052 0.000235839 0.000150035
 0.0548854 0.0919567 0.246598 0.279474 0.175134 0.0824187 0.0374886 0.0175481 0.00821848 0.00370263 0.00156811 0.000621052 0.000235839 0.000150035
 0.0280565 0.118503 0.234328 0.286356 0.173221 0.0855055 0.0395453 0.0184439 0.00876357 0.00411582 0.00185319 0.000787144 0.000317818 0.000202737
