$likelihoods
5752 1485.56 7804.63 11.2175
$recruits
 1.88263e+08 6.29194e+08 9.66056 3.85309e+08 5.08325 4.87951 121.899 5.60717e+08 3.77836 1.01304e+08 11.1649 1.27417e+08 50843.8 2.28034e+08 789.23 4.45631e+08 2136.84 1.47634e+07 43.1494 4.41153e+08 1298.95 1.80543e+08 1.5274e+06 7.96958e+08 2.86566 2.72178 5608.15 13.4431 400.688 2645.39 2.8883 3.34452e+08 182.758 1287.31 2.75661 1.04646e+08 4.21815 1.49515e+08 4.4626 1.89396e+08 3.96689 1337.03 3.31681 8.24667
$sizes
 55 65 75 85 95 105 115 125 135 145 155 165 175 185
$survey_months
 1 5 8 10 15 16 20 24 25 30 32 35 40 45 48 50 55 56 60 64 65 70 72 75 80 85 88 90 95 96 100 104 105 110 112 115 120 125 128 130 135 136 140 144 145 150 152 155 160 165 168 170 175 176 180 184 185 190 192 195 200 205 208 210 215 216 220 224 225 230 232 235 240 245 248 250 255 256 260 264
$survey_pred_all
 7.22672e+08 7.2207e+08 8.15892e+08 8.15077e+08 8.14169e+08 8.13281e+08 8.25949e+08 8.25261e+08 1.10005e+09 1.09913e+09 1.08663e+09 1.06914e+09 1.06121e+09 1.06033e+09 1.0771e+09 1.06274e+09 1.04867e+09 1.03754e+09 1.04275e+09 1.04188e+09 1.20971e+09 1.2087e+09 1.19985e+09 1.18827e+09 1.17789e+09 1.1769e+09 1.19556e+09 1.18261e+09 1.17233e+09 1.16714e+09 1.18034e+09 1.17936e+09 1.17838e+09 1.17739e+09 1.15632e+09 1.1325e+09 1.10837e+09 1.10745e+09 1.12499e+09 1.10213e+09 1.08544e+09 1.07155e+09 1.07591e+09 1.07501e+09 1.31961e+09 1.31851e+09 1.29325e+09 1.27246e+09 1.26373e+09 1.26268e+09 1.28265e+09 1.28109e+09 1.26715e+09 1.25832e+09 1.27146e+09 1.2704e+09 1.31369e+09 1.3126e+09 1.27555e+09 1.21316e+09 1.1739e+09 1.17292e+09 1.19142e+09 1.12595e+09 1.08508e+09 1.04215e+09 1.03444e+09 1.03358e+09 1.0885e+09 1.0876e+09 1.05176e+09 1.03772e+09 9.96352e+08 9.95522e+08 1.01123e+09 9.82741e+08 9.50113e+08 9.31128e+08 9.32849e+08 9.32072e+08 1.03113e+09 1.03028e+09 1.00381e+09 9.7719e+08 9.57741e+08 9.56943e+08 9.71984e+08 9.62178e+08 9.48134e+08 9.35499e+08 9.4117e+08 9.40386e+08 1.13471e+09 1.13377e+09 1.11444e+09 1.0884e+09 1.06356e+09 1.06267e+09 1.07932e+09 1.06563e+09 1.03764e+09 1.02799e+09 1.03558e+09 1.03472e+09 1.04032e+09 1.03946e+09 9.94865e+08 9.57142e+08 9.33703e+08 9.32925e+08 9.47484e+08 9.26508e+08 9.10038e+08 8.89684e+08 8.88308e+08 8.87568e+08 1.07998e+09 1.07908e+09 1.04482e+09 1.03223e+09 1.01871e+09 1.01786e+09 1.03373e+09 1.00504e+09 9.91121e+08 9.79021e+08 9.80945e+08 9.80127e+08 1.05836e+09 1.05748e+09 1.03406e+09 1.01632e+09 9.9593e+08 9.951e+08 1.01125e+09 9.95218e+08 9.92199e+08 9.85771e+08 9.90454e+08 9.89629e+08 1.33773e+09 1.33662e+09 1.32116e+09 1.31081e+09 1.29921e+09 1.29812e+09 1.31835e+09 1.30848e+09 1.29884e+09 1.29409e+09 1.31007e+09 1.30898e+09 1.30789e+09 1.3068e+09 1.29477e+09 1.27717e+09 1.25716e+09 1.25612e+09 1.2756e+09 1.24972e+09 1.23979e+09 1.23291e+09 1.2432e+09 1.24216e+09 1.24113e+09 1.24009e+09 1.17257e+09 1.11553e+09 1.09396e+09 1.09305e+09 1.10996e+09 1.07111e+09 1.04768e+09 1.03066e+09 1.02825e+09 1.02739e+09 1.02653e+09 1.02568e+09 9.67528e+08 9.27021e+08 9.00782e+08 9.00031e+08 9.1392e+08 8.95529e+08 8.80399e+08 8.6206e+08 8.67238e+08 8.66515e+08 1.01222e+09 1.01138e+09 9.73478e+08 9.39638e+08 9.12535e+08 9.11775e+08 9.25836e+08 9.04951e+08 8.77191e+08 8.50349e+08 8.48826e+08 8.48119e+08 8.47413e+08 8.46707e+08 7.86686e+08 7.28855e+08 7.09752e+08 7.0916e+08 7.20084e+08 6.79448e+08 6.53766e+08 6.35386e+08 6.25159e+08 6.24638e+08 6.69935e+08 6.69377e+08 6.36726e+08 6.08143e+08 5.83766e+08 5.83279e+08 5.92288e+08 5.76641e+08 5.57393e+08 5.39496e+08 5.38182e+08 5.37734e+08 6.02747e+08 6.02245e+08 5.87381e+08 5.76489e+08 5.67911e+08 5.67438e+08 5.76203e+08 5.6527e+08 5.59458e+08 5.52501e+08 5.52288e+08 5.51828e+08 6.3429e+08 6.33762e+08 6.12401e+08 5.98584e+08 5.86286e+08 5.85798e+08 5.94847e+08 5.84449e+08 5.7865e+08 5.73435e+08 5.76157e+08 5.75677e+08 5.75198e+08 5.74719e+08 5.50719e+08 5.37601e+08 5.24119e+08 5.23682e+08 5.31738e+08 5.04524e+08 4.98044e+08 4.87252e+08 4.86205e+08 4.858e+08 4.85395e+08 4.84991e+08 4.494e+08 4.2378e+08 0 0 0 0 0 0 0 0 0 0 0 0 0 0 0 0 0 0 0 0 0 0 0 0 0 0 0 0 0 0 0 0 0 0 0 0 0 0 0 0 0 0 0 0 0 0 0 0 0 0 0 0 0 0 0 0 0 0 0 0 0 0 0 0 0 0 0 0 0 0 0 0 0 0 0 0 0 0 0 0 0 0 0 0 0 0 0 0 0 0 0 0 0 0 0 0 0 0 0 0
$survey_obs
 55961.3 6.37294e+08 4.34296e+08 6.07646e+08 4.5633e+08 5.58311e+08 7.58009e+08 2.67999e+08 3.04491e+08 9.66343e+08 8.48902e+08 4.92743e+08 5.52721e+08 3.71268e+08 2.42014e+08 6.77906e+08 1.85306e+09 2.30875e+09 1.43975e+09 1.55245e+09 1.0717e+09 1.03765e+09 5.52429e+08 8.05464e+08 7.0615e+08 2.77638e+08 1.32925e+09 7.94247e+08 8.83744e+08 7.44457e+08 1.28412e+09 1.2953e+09 1.03925e+09 7.07282e+08 1.07128e+09 6.44e+08 6.48692e+08 8.17179e+08 6.89081e+08 4.01826e+08 4.65159e+08 3.87065e+08 6.91886e+08 3.61142e+08 2.75097e+08 1.023e+09 1.33015e+09 7.50674e+08 1.92502e+09 1.29554e+09 1.03133e+09 6.75269e+08 7.87767e+08 8.45897e+08 4.35667e+08 1.26606e+09 7.44216e+08 1.39726e+09 9.36776e+08 2.90529e+09 1.47087e+09 6.00062e+08 8.05436e+08 1.07257e+09 6.58809e+08 6.11306e+08 5.04641e+08 4.4746e+08 4.65289e+08 3.60914e+08 4.3716e+08 4.64751e+08 2.07054e+08 7.24103e+08 7.71068e+08 5.83627e+08 1.09527e+09 1.14756e+09 6.59623e+08 3.23876e+08
$survey_pred_comp
7.22672e+08
8.14169e+08
8.25261e+08
1.09913e+09
1.0771e+09
1.06274e+09
1.04188e+09
1.18827e+09
1.17789e+09
1.16714e+09
1.17936e+09
1.15632e+09
1.10213e+09
1.31961e+09
1.27246e+09
1.26268e+09
1.27146e+09
1.2704e+09
1.21316e+09
1.12595e+09
1.08508e+09
1.0876e+09
1.03772e+09
1.01123e+09
9.32072e+08
9.57741e+08
9.62178e+08
9.35499e+08
1.11444e+09
1.0884e+09
1.06563e+09
1.03472e+09
1.04032e+09
9.32925e+08
9.26508e+08
8.88308e+08
1.03223e+09
9.91121e+08
9.80127e+08
1.05748e+09
1.01125e+09
9.95218e+08
9.89629e+08
1.31081e+09
1.29921e+09
1.29409e+09
1.30898e+09
1.29477e+09
1.24972e+09
1.24113e+09
1.11553e+09
1.09305e+09
1.02825e+09
1.02739e+09
9.27021e+08
8.95529e+08
8.80399e+08
1.01138e+09
9.39638e+08
9.25836e+08
8.48119e+08
7.09752e+08
6.79448e+08
6.35386e+08
6.36726e+08
6.08143e+08
5.76641e+08
5.37734e+08
6.02747e+08
5.67438e+08
5.6527e+08
5.52288e+08
5.98584e+08
5.7865e+08
5.75677e+08
5.74719e+08
5.31738e+08
5.04524e+08
4.858e+08
4.2378e+08
$survey_size_comp_pred_all
 0.0032758 0.255826 0.248185 0.331083 0.018241 0.0474858 0.0405143 0.0149898 0.012441 0.00406754 0.000830495 0.000547722 0.00136586 0.0211471
 0.0032758 0.255826 0.248185 0.331083 0.018241 0.0474858 0.0405143 0.0149898 0.012441 0.00406754 0.000830495 0.000547722 0.00136586 0.0211471
 0.103089 0.158145 0.219226 0.267451 0.113879 0.0354626 0.0378593 0.0225994 0.0122649 0.00696661 0.0022086 0.000659885 0.000848808 0.0193396
 0.103106 0.158172 0.219262 0.26741 0.113862 0.0354571 0.0378535 0.022596 0.012263 0.00696554 0.00220826 0.000659784 0.000848678 0.0193367
 0.103135 0.158216 0.219324 0.26734 0.113832 0.0354479 0.0378436 0.0225901 0.0122598 0.00696373 0.00220769 0.000659612 0.000848457 0.0193316
 0.103161 0.158257 0.219381 0.267276 0.113805 0.0354394 0.0378346 0.0225847 0.0122569 0.00696206 0.00220716 0.000659454 0.000848254 0.019327
 0.0722904 0.138208 0.195718 0.245833 0.164922 0.0654327 0.0371813 0.0283005 0.0166132 0.00933238 0.00445665 0.00148101 0.00077462 0.0194562
 0.0722904 0.138208 0.195718 0.245833 0.164922 0.0654327 0.0371813 0.0283005 0.0166132 0.00933238 0.00445665 0.00148101 0.00077462 0.0194562
 0.304609 0.103598 0.146706 0.184271 0.123622 0.049047 0.0278703 0.0212134 0.0124529 0.00699536 0.00334061 0.00111013 0.000580638 0.014584
 0.304609 0.103598 0.146706 0.184271 0.123622 0.049047 0.0278703 0.0212134 0.0124529 0.00699536 0.00334061 0.00111013 0.000580638 0.014584
 0.307856 0.104702 0.148268 0.181825 0.121979 0.0483951 0.0274999 0.0209315 0.0122874 0.00690238 0.00329621 0.00109538 0.000572921 0.0143901
 0.312634 0.106327 0.150566 0.178224 0.119561 0.0474358 0.0269548 0.0205166 0.0120438 0.00676557 0.00323087 0.00107367 0.000561565 0.0141049
 0.314706 0.107032 0.151563 0.176663 0.118512 0.0470198 0.0267184 0.0203366 0.0119382 0.00670623 0.00320254 0.00106425 0.00055664 0.0139812
 0.314706 0.107032 0.151563 0.176663 0.118512 0.0470198 0.0267184 0.0203366 0.0119382 0.00670623 0.00320254 0.00106425 0.00055664 0.0139812
 0.220477 0.164541 0.136691 0.164677 0.136402 0.073153 0.0349704 0.0228102 0.0153592 0.00902259 0.00484892 0.00213971 0.00084813 0.0140603
 0.223271 0.166626 0.13842 0.162404 0.134516 0.072142 0.034487 0.022495 0.0151469 0.00889789 0.0047819 0.00211014 0.000836408 0.013866
 0.226077 0.16872 0.140158 0.160119 0.132622 0.0711262 0.0340015 0.0221782 0.0149336 0.00877261 0.00471457 0.00208043 0.000824631 0.0136708
 0.228313 0.170389 0.141543 0.1583 0.131114 0.0703171 0.0336147 0.0219259 0.0147637 0.00867281 0.00466094 0.00205676 0.000815251 0.0135153
 0.161671 0.18476 0.150228 0.149346 0.136305 0.0905373 0.0473316 0.0264047 0.0174588 0.0111677 0.00644267 0.00330254 0.00146329 0.0135813
 0.161671 0.18476 0.150228 0.149346 0.136305 0.0905373 0.0473316 0.0264047 0.0174588 0.0111677 0.00644267 0.00330254 0.00146329 0.0135813
 0.278578 0.158995 0.129278 0.128519 0.117297 0.0779116 0.040731 0.0227225 0.0150241 0.00961032 0.00554422 0.00284199 0.00125923 0.0116874
 0.278578 0.158995 0.129278 0.128519 0.117297 0.0779116 0.040731 0.0227225 0.0150241 0.00961032 0.00554422 0.00284199 0.00125923 0.0116874
 0.280401 0.160035 0.130123 0.12742 0.116293 0.0772446 0.0403823 0.022528 0.0148955 0.00952804 0.00549676 0.00281766 0.00124845 0.0115873
 0.282897 0.16146 0.13128 0.125915 0.114917 0.076331 0.0399047 0.0222615 0.0147193 0.00941535 0.00543174 0.00278433 0.00123368 0.0114503
 0.285153 0.162747 0.132325 0.124554 0.113674 0.0755053 0.039473 0.0220207 0.0145601 0.0093135 0.00537299 0.00275421 0.00122033 0.0113264
 0.285153 0.162747 0.132325 0.124554 0.113674 0.0755053 0.039473 0.0220207 0.0145601 0.0093135 0.00537299 0.00275421 0.00122033 0.0113264
 0.199767 0.194062 0.140659 0.125193 0.11545 0.0882548 0.0531302 0.0291608 0.0176943 0.0115688 0.00717426 0.00403222 0.00202944 0.0118244
 0.201786 0.196023 0.142079 0.123742 0.11411 0.0872309 0.0525139 0.0288225 0.017489 0.0114346 0.00709103 0.00398544 0.00200589 0.0116872
 0.203387 0.197578 0.143205 0.122591 0.113048 0.086419 0.052025 0.0285542 0.0173262 0.0113282 0.00702502 0.00394834 0.00198722 0.0115784
 0.204121 0.198291 0.143721 0.122063 0.112561 0.0860467 0.0518009 0.0284312 0.0172516 0.0112794 0.00699476 0.00393133 0.00197866 0.0115285
 0.143641 0.195725 0.159117 0.127382 0.11343 0.0937748 0.0640275 0.0376123 0.0218783 0.0138007 0.00888537 0.00537543 0.0029817 0.0123696
 0.143641 0.195725 0.159117 0.127382 0.11343 0.0937748 0.0640275 0.0376123 0.0218783 0.0138007 0.00888537 0.00537543 0.0029817 0.0123696
 0.143641 0.195725 0.159117 0.127382 0.11343 0.0937748 0.0640275 0.0376123 0.0218783 0.0138007 0.00888537 0.00537543 0.0029817 0.0123696
 0.143641 0.195725 0.159117 0.127382 0.11343 0.0937748 0.0640275 0.0376123 0.0218783 0.0138007 0.00888537 0.00537543 0.0029817 0.0123696
 0.146137 0.199127 0.161879 0.125184 0.11147 0.0921551 0.0629216 0.0369626 0.0215004 0.0135623 0.0087319 0.00528258 0.00293019 0.0121559
 0.149086 0.203145 0.165142 0.122588 0.109156 0.0902419 0.0616153 0.0361953 0.021054 0.0132807 0.00855062 0.00517291 0.00286936 0.0119035
 0.152205 0.207395 0.168593 0.119842 0.106708 0.0882181 0.0602335 0.0353835 0.0205819 0.0129829 0.00835887 0.0050569 0.00280501 0.0116366
 0.152205 0.207395 0.168593 0.119842 0.106708 0.0882181 0.0602335 0.0353835 0.0205819 0.0129829 0.00835887 0.0050569 0.00280501 0.0116366
 0.10663 0.18601 0.177305 0.134261 0.109851 0.0935031 0.0701163 0.0451414 0.0268177 0.0163233 0.010454 0.00662721 0.00396935 0.0129901
 0.108751 0.189712 0.180829 0.131896 0.107913 0.0918538 0.0688795 0.0443451 0.0263447 0.0160354 0.0102696 0.00651032 0.00389934 0.012761
 0.110331 0.192467 0.183453 0.130135 0.106471 0.090626 0.0679588 0.0437523 0.0259925 0.015821 0.0101324 0.00642329 0.00384721 0.0125904
 0.111669 0.194801 0.185675 0.128643 0.105249 0.089586 0.067179 0.0432503 0.0256943 0.0156395 0.0100161 0.00634958 0.00380307 0.012446
 0.0791486 0.167574 0.186629 0.145136 0.110877 0.0928611 0.0738849 0.051804 0.0326058 0.0198304 0.0124384 0.00799477 0.00505289 0.0141627
 0.0791486 0.167574 0.186629 0.145136 0.110877 0.0928611 0.0738849 0.051804 0.0326058 0.0198304 0.0124384 0.00799477 0.00505289 0.0141627
 0.25046 0.136399 0.151909 0.118136 0.0902499 0.0755856 0.0601397 0.0421666 0.0265399 0.0161412 0.0101244 0.00650746 0.00411287 0.0115279
 0.25046 0.136399 0.151909 0.118136 0.0902499 0.0755856 0.0601397 0.0421666 0.0265399 0.0161412 0.0101244 0.00650746 0.00411287 0.0115279
 0.25514 0.138948 0.154744 0.11556 0.0882802 0.0739359 0.0588271 0.0412463 0.0259607 0.0157889 0.00990348 0.00636543 0.00402311 0.0112763
 0.259092 0.1411 0.157138 0.113385 0.0866171 0.0725431 0.0577189 0.0404693 0.0254716 0.0154915 0.00971691 0.00624552 0.00394732 0.0110639
 0.260664 0.141957 0.15809 0.11252 0.0859553 0.0719889 0.0572779 0.0401601 0.025277 0.0153731 0.00964267 0.0061978 0.00391716 0.0109793
 0.260664 0.141957 0.15809 0.11252 0.0859553 0.0719889 0.0572779 0.0401601 0.025277 0.0153731 0.00964267 0.0061978 0.00391716 0.0109793
 0.182617 0.172742 0.15125 0.125496 0.094153 0.0760769 0.062027 0.0465007 0.0313332 0.0196861 0.0122623 0.00783294 0.00508557 0.012938
 0.182688 0.172808 0.151308 0.125446 0.0941157 0.0760468 0.0620024 0.0464822 0.0313208 0.0196783 0.0122574 0.00782984 0.00508355 0.0129329
 0.184544 0.174564 0.152843 0.124138 0.0931333 0.075253 0.0613552 0.045997 0.0309939 0.0194729 0.0121295 0.00774811 0.00503049 0.0127979
 0.185684 0.175643 0.153787 0.123334 0.0925295 0.0747651 0.0609575 0.0456988 0.030793 0.0193467 0.0120508 0.00769788 0.00499788 0.0127149
 0.130779 0.174943 0.158857 0.131271 0.101382 0.079799 0.0649683 0.0508751 0.0365114 0.0241245 0.0152841 0.00971307 0.00634657 0.0151456
 0.130779 0.174943 0.158857 0.131271 0.101382 0.079799 0.0649683 0.0508751 0.0365114 0.0241245 0.0152841 0.00971307 0.00634657 0.0151456
 0.160126 0.169036 0.153494 0.126839 0.0979594 0.0771048 0.0627748 0.0491574 0.0352787 0.02331 0.0147681 0.00938513 0.00613229 0.0146343
 0.160126 0.169036 0.153494 0.126839 0.0979594 0.0771048 0.0627748 0.0491574 0.0352787 0.02331 0.0147681 0.00938513 0.00613229 0.0146343
 0.16464 0.173801 0.157816 0.123507 0.0953837 0.0750775 0.0611242 0.0478649 0.0343511 0.0226971 0.0143798 0.00913836 0.00597105 0.0142495
 0.172962 0.182586 0.165784 0.117364 0.0906341 0.071339 0.0580806 0.0454815 0.0326406 0.0215669 0.0136637 0.00868332 0.00567373 0.01354
 0.178599 0.188537 0.17118 0.113203 0.0874176 0.0688073 0.0560194 0.0438674 0.0314822 0.0208015 0.0131788 0.00837516 0.00547237 0.0130594
 0.178599 0.188537 0.17118 0.113203 0.0874176 0.0688073 0.0560194 0.0438674 0.0314822 0.0208015 0.0131788 0.00837516 0.00547237 0.0130594
 0.125129 0.180787 0.173506 0.130616 0.0954592 0.0746651 0.0601099 0.0480935 0.0362755 0.0253039 0.0166117 0.0106538 0.00696208 0.0158278
 0.132295 0.19114 0.183431 0.123735 0.0904252 0.0707277 0.05694 0.0455573 0.0343625 0.0239695 0.0157357 0.010092 0.00659493 0.0149931
 0.137163 0.198173 0.190173 0.119061 0.0870059 0.0680532 0.0547869 0.0438346 0.0330631 0.0230631 0.0151407 0.00971039 0.00634556 0.0144262
 0.142694 0.206165 0.197832 0.11375 0.0831207 0.0650143 0.0523405 0.0418772 0.0315867 0.0220333 0.0144646 0.00927678 0.0060622 0.013782
 0.102308 0.18668 0.200929 0.139204 0.0907097 0.0688295 0.0548649 0.0441767 0.0344643 0.0252437 0.0173228 0.0113899 0.00749198 0.0163853
 0.102308 0.18668 0.200929 0.139204 0.0907097 0.0688295 0.0548649 0.0441767 0.0344643 0.0252437 0.0173228 0.0113899 0.00749198 0.0163853
 0.148315 0.177113 0.190631 0.13207 0.0860608 0.065302 0.052053 0.0419126 0.0326979 0.0239499 0.016435 0.0108061 0.00710801 0.0155455
 0.148315 0.177113 0.190631 0.13207 0.0860608 0.065302 0.052053 0.0419126 0.0326979 0.0239499 0.016435 0.0108061 0.00710801 0.0155455
 0.153241 0.182996 0.196956 0.127398 0.0830131 0.0629894 0.0502097 0.0404283 0.03154 0.0231018 0.015853 0.0104234 0.00685629 0.014995
 0.155184 0.185316 0.19945 0.125555 0.0818112 0.0620774 0.0494827 0.039843 0.0310833 0.0227673 0.0156234 0.0102725 0.00675702 0.0147779
 0.161493 0.19285 0.207548 0.119571 0.0779081 0.0591158 0.047122 0.0379422 0.0296004 0.0216811 0.0148781 0.00978244 0.00643466 0.0140729
 0.161493 0.19285 0.207548 0.119571 0.0779081 0.0591158 0.047122 0.0379422 0.0296004 0.0216811 0.0148781 0.00978244 0.00643466 0.0140729
 0.113166 0.17877 0.198917 0.146528 0.0920126 0.0654183 0.0510858 0.0410703 0.0326698 0.0248727 0.0178454 0.0121551 0.00814175 0.0173473
 0.116349 0.1838 0.204507 0.142559 0.0895173 0.0636442 0.0497003 0.0399565 0.0317838 0.0241981 0.0173614 0.0118254 0.00792094 0.0168769
 0.120245 0.189953 0.211346 0.137702 0.0864644 0.0614737 0.0480054 0.0385939 0.0306998 0.0233729 0.0167694 0.0114222 0.00765081 0.0163013
 0.122594 0.193665 0.215471 0.134773 0.0846231 0.0601646 0.0469831 0.037772 0.0300461 0.0228752 0.0164123 0.0111789 0.00748788 0.0159542
 0.0870851 0.170374 0.206931 0.158575 0.0999744 0.0675587 0.0506753 0.0402917 0.0323298 0.0252958 0.0188745 0.0133676 0.00921046 0.0194568
 0.0870851 0.170374 0.206931 0.158575 0.0999744 0.0675587 0.0506753 0.0402917 0.0323298 0.0252958 0.0188745 0.0133676 0.00921046 0.0194568
 0.175477 0.153877 0.186895 0.143221 0.0902945 0.0610174 0.0457687 0.0363905 0.0291995 0.0228465 0.017047 0.0120733 0.00831866 0.0175729
 0.175477 0.153877 0.186895 0.143221 0.0902945 0.0610174 0.0457687 0.0363905 0.0291995 0.0228465 0.017047 0.0120733 0.00831866 0.0175729
 0.179954 0.157803 0.191658 0.139326 0.0878363 0.0593562 0.0445227 0.0353997 0.0284046 0.0222245 0.0165829 0.0117446 0.00809219 0.0170945
 0.184702 0.161967 0.196708 0.135196 0.0852296 0.0575947 0.0432015 0.0343492 0.0275617 0.021565 0.0160908 0.0113961 0.00785205 0.0165872
 0.188296 0.165118 0.200531 0.132069 0.0832566 0.0562614 0.0422013 0.033554 0.0269236 0.0210658 0.0157183 0.0111323 0.00767027 0.0162032
 0.188296 0.165118 0.200531 0.132069 0.0832566 0.0562614 0.0422013 0.033554 0.0269236 0.0210658 0.0157183 0.0111323 0.00767027 0.0162032
 0.13193 0.167594 0.185999 0.152114 0.0995585 0.0657272 0.0471705 0.0365873 0.0293157 0.0233286 0.0179577 0.0132023 0.00940975 0.0201054
 0.133164 0.16916 0.187736 0.150774 0.0986802 0.0651473 0.0467544 0.0362645 0.0290571 0.0231228 0.0177993 0.0130858 0.00932674 0.0199281
 0.135024 0.171523 0.190355 0.148752 0.0973558 0.0642729 0.0461268 0.0357778 0.0286671 0.0228125 0.0175604 0.0129102 0.00920156 0.0196606
 0.136733 0.173695 0.192763 0.146894 0.0961383 0.0634692 0.04555 0.0353304 0.0283086 0.0225272 0.0173408 0.0127487 0.00908649 0.0194147
 0.0967221 0.160014 0.184733 0.159001 0.111597 0.0741881 0.0515198 0.0386451 0.0305657 0.0244938 0.0192818 0.0146408 0.0108045 0.0237933
 0.0967221 0.160014 0.184733 0.159001 0.111597 0.0741881 0.0515198 0.0386451 0.0305657 0.0244938 0.0192818 0.0146408 0.0108045 0.0237933
 0.252036 0.1325 0.152969 0.131662 0.0924084 0.0614318 0.0426612 0.0320003 0.0253101 0.0202822 0.0159664 0.0121234 0.00894676 0.0197022
 0.252036 0.1325 0.152969 0.131662 0.0924084 0.0614318 0.0426612 0.0320003 0.0253101 0.0202822 0.0159664 0.0121234 0.00894676 0.0197022
 0.256192 0.134685 0.155489 0.129141 0.0906375 0.0602545 0.0418437 0.031387 0.0248251 0.0198936 0.0156604 0.0118911 0.0087753 0.0193246
 0.262103 0.137793 0.159071 0.125557 0.0881192 0.0585804 0.040681 0.0305149 0.0241353 0.0193408 0.0152253 0.0115607 0.00853148 0.0187877
 0.268003 0.140894 0.162647 0.121978 0.0856053 0.0569092 0.0395205 0.0296444 0.0234468 0.0187891 0.0147909 0.0112309 0.00828809 0.0182517
 0.268003 0.140894 0.162647 0.121978 0.0856053 0.0569092 0.0395205 0.0296444 0.0234468 0.0187891 0.0147909 0.0112309 0.00828809 0.0182517
 0.187787 0.174171 0.154052 0.133115 0.097208 0.0668415 0.0458522 0.0333029 0.0257471 0.0205615 0.016405 0.0127784 0.00973874 0.02244
 0.190042 0.176262 0.155899 0.131413 0.0959639 0.065986 0.0452654 0.0328767 0.0254176 0.0202984 0.016195 0.0126149 0.00961411 0.0221529
 0.195006 0.180866 0.159967 0.127665 0.0932243 0.0641022 0.0439731 0.0319381 0.024692 0.0197189 0.0157327 0.0122547 0.00933964 0.0215204
 0.196672 0.182411 0.161331 0.126408 0.092305 0.0634701 0.0435395 0.0316232 0.0244485 0.0195244 0.0155775 0.0121339 0.00924754 0.0213082
 0.138938 0.183356 0.166602 0.135621 0.101979 0.0725997 0.050292 0.0357595 0.026914 0.0212107 0.0169913 0.0134742 0.0105538 0.0257091
 0.138938 0.183356 0.166602 0.135621 0.101979 0.0725997 0.050292 0.0357595 0.026914 0.0212107 0.0169913 0.0134742 0.0105538 0.0257091
 0.144288 0.182217 0.165567 0.134778 0.101345 0.0721486 0.0499795 0.0355373 0.0267468 0.0210789 0.0168857 0.0133904 0.0104882 0.0255493
 0.144288 0.182217 0.165567 0.134778 0.101345 0.0721486 0.0499795 0.0355373 0.0267468 0.0210789 0.0168857 0.0133904 0.0104882 0.0255493
 0.15063 0.190226 0.172835 0.129046 0.0970304 0.0690768 0.0478516 0.0340242 0.025608 0.0201814 0.0161668 0.0128203 0.0100417 0.0244616
 0.156436 0.197559 0.179489 0.123798 0.0930802 0.0662646 0.0459035 0.0326391 0.0245655 0.0193598 0.0155086 0.0122984 0.00963288 0.0234657
 0.160229 0.202349 0.183837 0.120369 0.0904994 0.0644273 0.0446307 0.0317341 0.0238844 0.018823 0.0150786 0.0119574 0.00936579 0.0228151
 0.160229 0.202349 0.183837 0.120369 0.0904994 0.0644273 0.0446307 0.0317341 0.0238844 0.018823 0.0150786 0.0119574 0.00936579 0.0228151
 0.112278 0.184932 0.186039 0.139508 0.0999916 0.0731815 0.0517634 0.0366116 0.0269247 0.0208024 0.0165771 0.0132731 0.0106186 0.0274985
 0.114724 0.188961 0.190088 0.13667 0.0979546 0.0716906 0.0507088 0.0358657 0.0263762 0.0203786 0.0162394 0.0130027 0.0104023 0.0269383
 0.116703 0.192221 0.193363 0.134373 0.0963066 0.0704845 0.0498557 0.0352623 0.0259325 0.0200358 0.0159662 0.012784 0.0102273 0.026485
 0.119273 0.196455 0.197617 0.13139 0.0941662 0.068918 0.0487477 0.0344786 0.0253561 0.0195905 0.0156114 0.0124998 0.00999999 0.0258964
 0.0850143 0.171914 0.196364 0.150638 0.104356 0.0759754 0.0549267 0.0391441 0.0284057 0.0214923 0.0169089 0.0135544 0.0109968 0.0303095
 0.0850143 0.171914 0.196364 0.150638 0.104356 0.0759754 0.0549267 0.0391441 0.0284057 0.0214923 0.0169089 0.0135544 0.0109968 0.0303095
 0.248654 0.141168 0.161245 0.123697 0.0856925 0.0623877 0.0451034 0.0321434 0.0233255 0.0176485 0.0138848 0.0111303 0.0090301 0.0248889
 0.248654 0.141168 0.161245 0.123697 0.0856925 0.0623877 0.0451034 0.0321434 0.0233255 0.0176485 0.0138848 0.0111303 0.0090301 0.0248889
 0.256593 0.145675 0.166387 0.118855 0.0823343 0.0599427 0.0433358 0.0308837 0.0224114 0.0169569 0.0133407 0.0106941 0.00867621 0.0239135
 0.259507 0.147329 0.168274 0.117078 0.0811021 0.0590456 0.0426873 0.0304215 0.022076 0.0167031 0.013141 0.0105341 0.00854637 0.0235556
 0.262732 0.149161 0.170363 0.11511 0.0797378 0.0580524 0.0419692 0.0299098 0.0217046 0.0164222 0.01292 0.0103569 0.00840261 0.0231594
 0.262732 0.149161 0.170363 0.11511 0.0797378 0.0580524 0.0419692 0.0299098 0.0217046 0.0164222 0.01292 0.0103569 0.00840261 0.0231594
 0.184107 0.178308 0.161693 0.131239 0.0912638 0.0653738 0.047662 0.0344326 0.0249281 0.0185563 0.014357 0.0114338 0.00933555 0.0273101
 0.189205 0.183245 0.166164 0.127242 0.0884813 0.0633806 0.0462088 0.0333828 0.0241681 0.0179905 0.0139193 0.0110852 0.00905092 0.0264775
 0.191702 0.185663 0.168354 0.125283 0.0871181 0.0624042 0.0454969 0.0328685 0.0237957 0.0177133 0.0137048 0.0109144 0.00891148 0.0260696
 0.193909 0.187801 0.170291 0.123552 0.0859131 0.061541 0.0448676 0.0324139 0.0234666 0.0174683 0.0135153 0.0107635 0.00878822 0.025709
 0.137728 0.187274 0.175207 0.1365 0.0964541 0.0686474 0.0499193 0.0364366 0.0265248 0.0195778 0.0149078 0.0117319 0.00956843 0.0295235
 0.137728 0.187274 0.175207 0.1365 0.0964541 0.0686474 0.0499193 0.0364366 0.0265248 0.0195778 0.0149078 0.0117319 0.00956843 0.0295235
 0.202129 0.173287 0.162121 0.126305 0.0892501 0.0635203 0.0461909 0.0337153 0.0245438 0.0181156 0.0137944 0.0108557 0.00885379 0.0273184
 0.202129 0.173287 0.162121 0.126305 0.0892501 0.0635203 0.0461909 0.0337153 0.0245438 0.0181156 0.0137944 0.0108557 0.00885379 0.0273184
 0.206534 0.177063 0.16565 0.123109 0.0869898 0.0619116 0.0450211 0.0328614 0.0239222 0.0176568 0.013445 0.0105808 0.00862956 0.0266266
 0.209964 0.180004 0.168397 0.120621 0.0852295 0.0606587 0.0441101 0.0321964 0.0234381 0.0172995 0.0131729 0.0103667 0.00845493 0.0260878
 0.214084 0.183536 0.171698 0.117631 0.0831152 0.059154 0.0430158 0.0313977 0.0228567 0.0168704 0.0128461 0.0101095 0.00824519 0.0254406
 0.214084 0.183536 0.171698 0.117631 0.0831152 0.059154 0.0430158 0.0313977 0.0228567 0.0168704 0.0128461 0.0101095 0.00824519 0.0254406
 0.150584 0.187581 0.172564 0.133553 0.0942119 0.067241 0.0487073 0.0356902 0.0261762 0.0193008 0.0145298 0.0112784 0.00913259 0.0294501
 0.152883 0.190445 0.175195 0.131427 0.0927107 0.0661695 0.0479312 0.0351215 0.0257591 0.0189932 0.0142983 0.0110987 0.00898706 0.0289808
 0.15322 0.190865 0.175581 0.131115 0.0924904 0.0660123 0.0478173 0.0350381 0.0256979 0.0189481 0.0142643 0.0110723 0.00896571 0.0289119
 0.154091 0.19195 0.176578 0.13031 0.0919219 0.0656065 0.0475234 0.0348227 0.0255399 0.0188316 0.0141766 0.0110043 0.0089106 0.0287342
 0.109143 0.177938 0.179878 0.143166 0.103018 0.0736578 0.0533129 0.0390751 0.0288127 0.0213144 0.0159576 0.0122387 0.00980422 0.0326836
 0.109143 0.177938 0.179878 0.143166 0.103018 0.0736578 0.0533129 0.0390751 0.0288127 0.0213144 0.0159576 0.0122387 0.00980422 0.0326836
 0.341509 0.131526 0.132959 0.105823 0.0761474 0.0544453 0.039407 0.0288829 0.0212974 0.0157548 0.0117953 0.00904639 0.00724694 0.0241586
 0.341509 0.131526 0.132959 0.105823 0.0761474 0.0544453 0.039407 0.0288829 0.0212974 0.0157548 0.0117953 0.00904639 0.00724694 0.0241586
 0.345217 0.132954 0.134401 0.104058 0.0748761 0.0535363 0.0387491 0.0284007 0.0209418 0.0154918 0.0115983 0.00889536 0.00712595 0.0237552
 0.347652 0.133892 0.135347 0.102899 0.0740411 0.0529392 0.038317 0.028084 0.0207082 0.015319 0.011469 0.00879615 0.00704648 0.0234903
 0.350466 0.134975 0.136441 0.101559 0.0730761 0.0522492 0.0378176 0.0277179 0.0204383 0.0151194 0.0113195 0.00868151 0.00695464 0.0231841
 0.350466 0.134975 0.136441 0.101559 0.0730761 0.0522492 0.0378176 0.0277179 0.0204383 0.0151194 0.0113195 0.00868151 0.00695464 0.0231841
 0.245588 0.194077 0.135526 0.111366 0.082093 0.0592799 0.0429397 0.0314664 0.0232653 0.0172822 0.0129298 0.00983704 0.00779234 0.0265575
 0.247234 0.195378 0.136433 0.110356 0.081348 0.058742 0.0425501 0.0311808 0.0230542 0.0171254 0.0128124 0.00974778 0.00772163 0.0263165
 0.248861 0.196663 0.13733 0.109358 0.0806117 0.0582103 0.0421649 0.0308986 0.0228455 0.0169703 0.0126965 0.00965954 0.00765174 0.0260783
 0.249568 0.197222 0.13772 0.108924 0.0802917 0.0579792 0.0419975 0.0307759 0.0227548 0.016903 0.0126461 0.0096212 0.00762137 0.0259747
 0.175442 0.208027 0.155025 0.116993 0.0887916 0.0651618 0.0474475 0.0347865 0.0257524 0.0191922 0.0143853 0.0109034 0.00855824 0.029534
 0.175442 0.208027 0.155025 0.116993 0.0887916 0.0651618 0.0474475 0.0347865 0.0257524 0.0191922 0.0143853 0.0109034 0.00855824 0.029534
 0.175442 0.208027 0.155025 0.116993 0.0887916 0.0651618 0.0474475 0.0347865 0.0257524 0.0191922 0.0143853 0.0109034 0.00855824 0.029534
 0.175442 0.208027 0.155025 0.116993 0.0887916 0.0651618 0.0474475 0.0347865 0.0257524 0.0191922 0.0143853 0.0109034 0.00855824 0.029534
 0.176924 0.209784 0.156333 0.115841 0.0879163 0.0645195 0.0469798 0.0344436 0.0254986 0.019003 0.0142435 0.0107959 0.00847387 0.0292429
 0.179214 0.212499 0.158354 0.114062 0.0865645 0.0635275 0.0462575 0.033914 0.0251065 0.0187108 0.0140245 0.0106299 0.00834358 0.0287932
 0.181914 0.2157 0.160736 0.111963 0.0849703 0.0623575 0.0454055 0.0332894 0.0246441 0.0183662 0.0137662 0.0104342 0.00818992 0.0282629
 0.181914 0.2157 0.160736 0.111963 0.0849703 0.0623575 0.0454055 0.0332894 0.0246441 0.0183662 0.0137662 0.0104342 0.00818992 0.0282629
 0.127486 0.200378 0.174939 0.126741 0.0934118 0.069845 0.0513815 0.0377824 0.0279974 0.0209102 0.0157124 0.0119024 0.00928746 0.0322265
 0.130018 0.204359 0.17841 0.124197 0.0915354 0.068442 0.0503494 0.0370235 0.027435 0.0204902 0.0153968 0.0116633 0.00910091 0.0315792
 0.13095 0.205823 0.179687 0.123262 0.0908452 0.0679259 0.0499697 0.0367443 0.0272281 0.0203357 0.0152807 0.0115753 0.00903228 0.031341
 0.131571 0.2068 0.180539 0.122638 0.0903847 0.0675816 0.0497165 0.0365581 0.0270901 0.0202326 0.0152032 0.0115167 0.0089865 0.0311822
 0.0928598 0.18095 0.186273 0.139794 0.0999315 0.0745356 0.055542 0.0411079 0.0305255 0.0228339 0.0171964 0.013041 0.010148 0.0352608
 0.0928598 0.18095 0.186273 0.139794 0.0999315 0.0745356 0.055542 0.0411079 0.0305255 0.0228339 0.0171964 0.013041 0.010148 0.0352608
 0.0928598 0.18095 0.186273 0.139794 0.0999315 0.0745356 0.055542 0.0411079 0.0305255 0.0228339 0.0171964 0.013041 0.010148 0.0352608
 0.0928598 0.18095 0.186273 0.139794 0.0999315 0.0745356 0.055542 0.0411079 0.0305255 0.0228339 0.0171964 0.013041 0.010148 0.0352608
 0.0981253 0.191211 0.196824 0.133048 0.0951035 0.0709346 0.0528586 0.0391218 0.0290508 0.0217308 0.0163656 0.012411 0.00965769 0.0335572
 0.103057 0.200821 0.206705 0.12673 0.0905819 0.0675621 0.0503455 0.0372618 0.0276696 0.0206976 0.0155875 0.0118209 0.00919853 0.0319618
 0.105001 0.204609 0.2106 0.124239 0.0887998 0.0662329 0.049355 0.0365287 0.0271252 0.0202904 0.0152809 0.0115884 0.00901755 0.031333
 0.105001 0.204609 0.2106 0.124239 0.0887998 0.0662329 0.049355 0.0365287 0.0271252 0.0202904 0.0152809 0.0115884 0.00901755 0.031333
 0.0735873 0.170467 0.204102 0.150695 0.100534 0.0737398 0.0552292 0.0412462 0.0307617 0.0230546 0.0173948 0.0132138 0.0102771 0.0356972
 0.0761931 0.176504 0.211322 0.146367 0.097643 0.0716196 0.0536412 0.0400603 0.0298772 0.0223917 0.0168946 0.0128338 0.0099816 0.0346708
 0.0778322 0.180301 0.215864 0.143645 0.0958247 0.0702859 0.0526423 0.0393143 0.0293208 0.0219747 0.01658 0.0125948 0.00979572 0.0340252
 0.0790513 0.183125 0.219241 0.14162 0.0944725 0.069294 0.0518995 0.0387595 0.028907 0.0216646 0.016346 0.0124171 0.00965749 0.033545
 0.0563904 0.150882 0.206669 0.164331 0.108371 0.0765571 0.0570023 0.0428476 0.0321622 0.0241819 0.0182802 0.0139107 0.0108272 0.0375876
 0.0563904 0.150882 0.206669 0.164331 0.108371 0.0765571 0.0570023 0.0428476 0.0321622 0.0241819 0.0182802 0.0139107 0.0108272 0.0375876
 0.0563914 0.150882 0.206669 0.164331 0.10837 0.076557 0.0570022 0.0428476 0.0321622 0.0241819 0.0182802 0.0139107 0.0108272 0.0375876
 0.0563914 0.150882 0.206669 0.164331 0.10837 0.076557 0.0570022 0.0428476 0.0321622 0.0241819 0.0182802 0.0139107 0.0108272 0.0375876
 0.0597309 0.159817 0.218896 0.157467 0.103838 0.0733552 0.0546182 0.0410556 0.0308171 0.0231705 0.0175157 0.0133289 0.0103743 0.0360156
 0.062289 0.166662 0.228261 0.152209 0.100367 0.0709028 0.0527923 0.039683 0.0297868 0.0223959 0.0169301 0.0128833 0.0100275 0.0348115
 0.06405 0.171373 0.234707 0.148589 0.0979769 0.0692146 0.0515353 0.0387382 0.0290776 0.0218627 0.016527 0.0125765 0.00978875 0.0339827
 0.06405 0.171373 0.234707 0.148589 0.0979769 0.0692146 0.0515353 0.0387382 0.0290776 0.0218627 0.016527 0.0125765 0.00978875 0.0339827
 0.0448895 0.135845 0.209632 0.17396 0.114855 0.0791313 0.0577618 0.043414 0.0327845 0.0247678 0.0187726 0.0143117 0.0111538 0.038722
 0.0457732 0.138519 0.213755 0.17177 0.113407 0.0781339 0.0570337 0.0428668 0.0323712 0.0244556 0.018536 0.0141313 0.0110132 0.038234
 0.0465211 0.140782 0.217244 0.169917 0.112182 0.0772899 0.0564176 0.0424037 0.0320215 0.0241914 0.0183358 0.0139786 0.0108943 0.0378209
 0.0474712 0.143658 0.221676 0.167563 0.110625 0.0762176 0.0556349 0.0418154 0.0315773 0.0238558 0.0180814 0.0137847 0.0107431 0.0372962
 0.0335819 0.113119 0.194097 0.181772 0.12834 0.0875811 0.0625707 0.046582 0.0352641 0.0267788 0.0203728 0.0155673 0.0121521 0.0422214
 0.0335819 0.113119 0.194097 0.181772 0.12834 0.0875811 0.0625707 0.046582 0.0352641 0.0267788 0.0203728 0.0155673 0.0121521 0.0422214
 0.173386 0.096755 0.166019 0.155476 0.109774 0.0749114 0.0535191 0.0398433 0.0301627 0.0229049 0.0174256 0.0133153 0.0103941 0.0361136
 0.173386 0.096755 0.166019 0.155476 0.109774 0.0749114 0.0535191 0.0398433 0.0301627 0.0229049 0.0174256 0.0133153 0.0103941 0.0361136
 0.179987 0.100438 0.172333 0.150903 0.106541 0.0727054 0.0519431 0.03867 0.0292745 0.0222304 0.0169125 0.0129232 0.010088 0.0350501
 0.186314 0.103969 0.178384 0.14652 0.103443 0.0705911 0.0504326 0.0375455 0.0284232 0.0215839 0.0164207 0.0125474 0.00979467 0.0340309
 0.191688 0.106968 0.183524 0.142797 0.100812 0.0687954 0.0491496 0.0365904 0.0277001 0.0210349 0.0160029 0.0122282 0.0095455 0.0331651
 0.191688 0.106968 0.183524 0.142797 0.100812 0.0687954 0.0491496 0.0365904 0.0277001 0.0210349 0.0160029 0.0122282 0.0095455 0.0331651
 0.134346 0.128843 0.156922 0.153058 0.114118 0.0798105 0.0562237 0.0412403 0.0311049 0.023701 0.0181095 0.0138804 0.0108572 0.0377859
 0.137332 0.131706 0.160406 0.150597 0.112281 0.0785254 0.0553184 0.0405763 0.0306041 0.0233194 0.0178179 0.0136569 0.0106824 0.0371775
 0.14156 0.135761 0.16534 0.147111 0.109679 0.0767058 0.0540366 0.0396361 0.0298949 0.022779 0.017405 0.0133405 0.0104348 0.036316
 0.145907 0.13993 0.170412 0.143528 0.107004 0.0748352 0.0527188 0.0386694 0.0291659 0.0222235 0.0169806 0.0130151 0.0101804 0.0354304
 0.104023 0.140483 0.160581 0.149246 0.116496 0.0844916 0.0598068 0.043284 0.0323509 0.0246377 0.0188926 0.0145337 0.0113981 0.0397752
 0.104023 0.140483 0.160581 0.149246 0.116496 0.0844916 0.0598068 0.043284 0.0323509 0.0246377 0.0188926 0.0145337 0.0113981 0.0397752
 0.104024 0.140483 0.160581 0.149246 0.116496 0.0844916 0.0598068 0.043284 0.0323509 0.0246377 0.0188926 0.0145337 0.011398 0.0397752
 0.104024 0.140483 0.160581 0.149246 0.116496 0.0844916 0.0598068 0.043284 0.0323509 0.0246377 0.0188926 0.0145337 0.011398 0.0397752
 0.111867 0.151075 0.172677 0.141594 0.110516 0.080154 0.0567365 0.0410619 0.0306901 0.0233728 0.0179227 0.0137876 0.0108129 0.0377332
 0.120643 0.162926 0.186208 0.133032 0.103825 0.0753014 0.0533016 0.0385759 0.0288321 0.0219578 0.0168376 0.0129529 0.0101583 0.0354488
 0.123787 0.167172 0.191056 0.129964 0.101428 0.073563 0.052071 0.0376854 0.0281665 0.0214509 0.0164489 0.0126538 0.00992376 0.0346304
 0.123787 0.167172 0.191056 0.129964 0.101428 0.073563 0.052071 0.0376854 0.0281665 0.0214509 0.0164489 0.0126538 0.00992376 0.0346304
 0.0867582 0.150319 0.17978 0.147744 0.110239 0.082805 0.0597493 0.0430803 0.031857 0.0241416 0.0185334 0.0143063 0.0112553 0.0394313
 0.0918705 0.159177 0.190362 0.141529 0.105596 0.0793175 0.0572328 0.0412659 0.0305152 0.0231248 0.0177528 0.0137038 0.0107813 0.0377705
 0.0953998 0.165292 0.197668 0.137239 0.102391 0.0769099 0.0554955 0.0400133 0.029589 0.0224229 0.0172139 0.0132878 0.010454 0.036624
 0.0980778 0.169932 0.203211 0.133983 0.0999589 0.0750832 0.0541775 0.0390629 0.0288862 0.0218903 0.0168051 0.0129722 0.0102057 0.0357542
 0.0709404 0.149377 0.194528 0.153976 0.107781 0.0808871 0.0597951 0.043442 0.031915 0.0240021 0.0183855 0.01422 0.0112234 0.0395274
 0.0709404 0.149377 0.194528 0.153976 0.107781 0.0808871 0.0597951 0.043442 0.031915 0.0240021 0.0183855 0.01422 0.0112234 0.0395274
 0.134478 0.139161 0.181225 0.143445 0.10041 0.0753552 0.0557058 0.040471 0.0297323 0.0223606 0.0171281 0.0132475 0.0104558 0.0368242
 0.134478 0.139161 0.181225 0.143445 0.10041 0.0753552 0.0557058 0.040471 0.0297323 0.0223606 0.0171281 0.0132475 0.0104558 0.0368242
 0.141256 0.146175 0.190349 0.13742 0.0961877 0.0721865 0.0533633 0.0387691 0.0284821 0.0214203 0.0164079 0.0126904 0.0100162 0.0352757
 0.147772 0.152918 0.19912 0.131628 0.0921289 0.0691404 0.0511115 0.0371332 0.0272802 0.0205164 0.0157155 0.0121549 0.00959351 0.0337871
 0.153815 0.159171 0.207253 0.126257 0.0883652 0.0663158 0.0490235 0.0356162 0.0261657 0.0196783 0.0150735 0.0116583 0.00920159 0.0324069
 0.153815 0.159171 0.207253 0.126257 0.0883652 0.0663158 0.0490235 0.0356162 0.0261657 0.0196783 0.0150735 0.0116583 0.00920159 0.0324069
 0.1078 0.153558 0.188396 0.150488 0.100904 0.0736598 0.0550601 0.0405945 0.0298512 0.0223024 0.0169986 0.013141 0.0103962 0.0368505
 0.110633 0.157594 0.193342 0.14726 0.0987367 0.0720777 0.0538775 0.0397226 0.0292101 0.0218234 0.0166335 0.0128587 0.010173 0.036059
 0.114358 0.1629 0.199845 0.143015 0.0958871 0.0699976 0.0523226 0.0385762 0.0283671 0.0211936 0.0161535 0.0124876 0.00987936 0.0350184
 0.118053 0.168164 0.206295 0.138804 0.0930605 0.0679342 0.0507802 0.037439 0.0275309 0.0205688 0.0156773 0.0121195 0.00958814 0.0339861
 0.0842194 0.152004 0.193594 0.158066 0.106323 0.0751452 0.0557838 0.0416173 0.030837 0.0229861 0.0174227 0.013429 0.0106307 0.0379417
 0.0842194 0.152004 0.193594 0.158066 0.106323 0.0751452 0.0557838 0.0416173 0.030837 0.0229861 0.0174227 0.013429 0.0106307 0.0379417
 0.183678 0.135495 0.172569 0.140899 0.0947761 0.0669841 0.0497254 0.0370975 0.0274879 0.0204897 0.0155305 0.0119706 0.00947614 0.033821
 0.183678 0.135495 0.172569 0.140899 0.0947761 0.0669841 0.0497254 0.0370975 0.0274879 0.0204897 0.0155305 0.0119706 0.00947614 0.033821
 0.188169 0.138808 0.176783 0.13757 0.0925343 0.0653996 0.0485492 0.03622 0.0268377 0.020005 0.0151632 0.0116874 0.00925199 0.033021
 0.191564 0.141313 0.17997 0.135053 0.0908393 0.0642017 0.0476599 0.0355565 0.0263461 0.0196386 0.0148854 0.0114733 0.00908252 0.0324161
 0.194296 0.143328 0.182533 0.133028 0.0894759 0.0632381 0.0469445 0.0350228 0.0259507 0.0193438 0.014662 0.0113011 0.0089462 0.0319296
 0.194296 0.143328 0.182533 0.133028 0.0894759 0.0632381 0.0469445 0.0350228 0.0259507 0.0193438 0.014662 0.0113011 0.0089462 0.0319296
 0.13617 0.154473 0.167423 0.146751 0.103639 0.0722449 0.0526887 0.0393968 0.0294575 0.0220216 0.0166336 0.0127667 0.0100916 0.0362424
 0.138689 0.157329 0.170516 0.14446 0.102019 0.0711157 0.0518651 0.038781 0.0289971 0.0216774 0.0163736 0.0125672 0.00993388 0.0356759
 0.140013 0.158831 0.172142 0.143255 0.101167 0.070522 0.0514321 0.0384573 0.028755 0.0214964 0.0162369 0.0124623 0.00985094 0.0353781
 0.141657 0.160697 0.174162 0.141759 0.100109 0.0697845 0.0508942 0.0380551 0.0284543 0.0212716 0.0160671 0.0123319 0.00974792 0.0350081
 0.100852 0.153465 0.169322 0.149476 0.111664 0.0790016 0.0567928 0.0421644 0.031688 0.0238269 0.0179991 0.0137655 0.0108487 0.039135
 0.100852 0.153465 0.169322 0.149476 0.111664 0.0790016 0.0567928 0.0421644 0.031688 0.0238269 0.0179991 0.0137655 0.0108487 0.039135
 0.218399 0.133402 0.147186 0.129935 0.0970655 0.0686736 0.0493682 0.0366522 0.0275453 0.020712 0.015646 0.0119659 0.00943043 0.0340188
 0.218399 0.133402 0.147186 0.129935 0.0970655 0.0686736 0.0493682 0.0366522 0.0275453 0.020712 0.015646 0.0119659 0.00943043 0.0340188
 0.225829 0.13794 0.152187 0.125537 0.0937771 0.066347 0.0476957 0.0354105 0.0266121 0.0200103 0.015116 0.0115605 0.00911094 0.0328663
 0.230849 0.141007 0.155566 0.122566 0.0915552 0.064775 0.0465656 0.0345715 0.0259816 0.0195362 0.0147578 0.0112866 0.00889507 0.0320876
 0.235495 0.143845 0.158693 0.119816 0.0894989 0.0633202 0.0455198 0.033795 0.0253981 0.0190974 0.0144264 0.0110331 0.00869529 0.0313669
 0.235495 0.143845 0.158693 0.119816 0.0894989 0.0633202 0.0455198 0.033795 0.0253981 0.0190974 0.0144264 0.0110331 0.00869529 0.0313669
 0.165044 0.166788 0.152057 0.130487 0.0989094 0.0721463 0.0518715 0.038134 0.0286266 0.0216335 0.0163926 0.0125199 0.00983571 0.0355545
 0.167841 0.169614 0.15463 0.128417 0.0973382 0.0710002 0.0510475 0.0375282 0.0281719 0.0212899 0.0161322 0.012321 0.00967948 0.0349897
 0.169381 0.171171 0.156048 0.127276 0.0964726 0.0703688 0.0505935 0.0371945 0.0279213 0.0211005 0.0159888 0.0122115 0.00959339 0.0346786
 0.170779 0.172584 0.157335 0.126241 0.0956871 0.0697959 0.0501816 0.0368917 0.027694 0.0209287 0.0158586 0.012112 0.00951529 0.0343962
 0.120964 0.169446 0.161064 0.134184 0.103912 0.0775652 0.0565365 0.0413862 0.0309086 0.0233955 0.0177967 0.0136078 0.010669 0.0385653
