$likelihoods
9634.5 5603 26324.8 200.892
$recruits
 2.46193e+10 28.2229 74.1421 11.2201 13.8436 1.01167e+09 1.19697e+10 4.09493e+09 1.26369e+10 1.35295e+10 3.93812 8.42217 3.61311e+08 2.32199e+09 3.00955e+09 2.26268e+09 1.73709e+10 71.8511 1.31743e+09 2.24421e+09 7.99439e+09 3.20351 9.79158e+08 8.47673e+08 1.33425e+10 1503.27
$sizes
 55 65 75 85 95 105 115 125 135 145 155 165 175 185
$survey_months
 1 5 8 10 15 16 20 24 25 30 32 35 40 45 48 50 55 56 60 64 65 70 72 75 80 85 88 90 95 96 100 104 105 110 112 115 120 125 128 130 135 136 140 144 145 150 152 155
$survey_pred_all
 86173.2 79283.2 2.75678e+08 2.53207e+08 2.32759e+08 2.13914e+08 4.96325e+08 4.56641e+08 4.2013e+08 3.86538e+08 3.50731e+08 3.18163e+08 2.8946e+08 2.66316e+08 5.41382e+08 4.83736e+08 4.36559e+08 3.93764e+08 6.66355e+08 6.13077e+08 5.64058e+08 5.18958e+08 4.57563e+08 4.10742e+08 3.70737e+08 3.41095e+08 5.1008e+08 4.53096e+08 4.07888e+08 3.66401e+08 4.85344e+08 4.46538e+08 4.22158e+08 3.88404e+08 3.47739e+08 3.05992e+08 2.76398e+08 2.54299e+08 4.61804e+08 4.12765e+08 3.78603e+08 3.37604e+08 5.22256e+08 4.80499e+08 4.87913e+08 4.48901e+08 4.0169e+08 3.55961e+08 3.22688e+08 2.96888e+08 6.41914e+08 5.73081e+08 5.10362e+08 4.57763e+08 8.03812e+08 7.39543e+08 8.3184e+08 7.6533e+08 6.83647e+08 6.16713e+08 5.58696e+08 5.14026e+08 9.19841e+08 8.25759e+08 7.25907e+08 6.49304e+08 1.05574e+09 9.71327e+08 8.93664e+08 8.22211e+08 7.26991e+08 6.40163e+08 5.65695e+08 5.20465e+08 7.89955e+08 7.11009e+08 6.28437e+08 5.5676e+08 7.51096e+08 6.91041e+08 6.61777e+08 6.08865e+08 5.38761e+08 4.7219e+08 4.11462e+08 3.78563e+08 5.43867e+08 4.73458e+08 4.16046e+08 3.64603e+08 4.8943e+08 4.50297e+08 4.39618e+08 4.04468e+08 3.56948e+08 3.2385e+08 2.93956e+08 2.70453e+08 5.78033e+08 5.19533e+08 4.61197e+08 4.11151e+08 7.01799e+08 6.45686e+08 5.9406e+08 5.46562e+08 4.83885e+08 4.33911e+08 3.88788e+08 3.57702e+08 6.30024e+08 5.6375e+08 5.04734e+08 4.50856e+08 7.01143e+08 6.45083e+08 6.18623e+08 5.69161e+08 5.00946e+08 4.55126e+08 4.10842e+08 3.77993e+08 6.48578e+08 5.74721e+08 5.07332e+08 4.49926e+08 6.77101e+08 6.22963e+08 5.73154e+08 5.27327e+08 4.69521e+08 4.12553e+08 3.63394e+08 3.34338e+08 5.16512e+08 4.49586e+08 4.01195e+08 3.55678e+08 5.00582e+08 4.60557e+08 4.33221e+08 3.98582e+08 3.52127e+08 3.12765e+08 2.81041e+08 2.5857e+08 5.09717e+08 4.46665e+08 3.93035e+08 3.46106e+08 5.67183e+08 5.21834e+08 4.8011e+08 4.41723e+08 3.91559e+08 3.51901e+08 0 0 0 0 0 0 0 0 0 0 0 0 0 0 0 0 0 0 0 0 0 0 0 0 0 0 0 0 0 0 0 0 0 0 0 0 0 0 0 0 0 0 0 0 0 0 0 0 0 0 0 0 0 0 0 0 0 0 0 0 0 0 0 0 0 0 0 0 0 0 0 0 0 0 0 0 0 0 0 0 0 0 0 0 0 0 0 0 0 0 0 0 0 0 0 0 0 0 0 0
$survey_obs
 57473.4 5.99668e+08 5.94948e+08 4.37672e+08 6.58733e+08 5.86795e+08 4.56694e+08 2.27118e+08 2.10773e+08 3.02385e+08 3.37726e+08 2.0352e+08 4.18422e+08 4.31136e+08 2.59977e+08 3.00916e+08 5.90055e+08 7.03953e+08 3.60781e+08 1.21339e+09 1.10686e+09 7.5493e+08 4.66364e+08 1.00288e+09 7.11136e+08 3.26617e+08 4.77955e+08 3.3104e+08 2.76199e+08 2.49009e+08 6.33837e+08 5.86863e+08 5.27022e+08 3.12155e+08 7.21028e+08 5.31809e+08 2.88945e+08 7.10072e+08 6.44727e+08 4.91233e+08 6.29497e+08 5.66241e+08 4.22309e+08 2.41033e+08 2.23164e+08 5.0644e+08 5.34252e+08 3.69022e+08
$survey_pred_comp
86173.2
2.32759e+08
4.56641e+08
3.86538e+08
5.41382e+08
4.83736e+08
6.13077e+08
4.10742e+08
3.70737e+08
3.66401e+08
4.46538e+08
3.47739e+08
4.12765e+08
4.87913e+08
3.55961e+08
2.96888e+08
8.03812e+08
7.39543e+08
6.16713e+08
8.25759e+08
7.25907e+08
8.22211e+08
6.40163e+08
7.89955e+08
6.91041e+08
4.11462e+08
4.73458e+08
3.64603e+08
3.56948e+08
3.2385e+08
5.19533e+08
6.45686e+08
5.9406e+08
3.57702e+08
5.6375e+08
7.01143e+08
4.55126e+08
5.07332e+08
6.22963e+08
5.27327e+08
5.16512e+08
4.49586e+08
4.60557e+08
3.12765e+08
2.81041e+08
3.46106e+08
5.21834e+08
3.91559e+08
$survey_size_comp_pred_all
 0.00217895 0.640525 0.0526272 0.00326482 0.0064996 0.0233806 0.0531316 0.0701911 0.0354562 0.00903776 0.0029595 0.00279337 0.00582394 0.0921308
 0.00217895 0.640525 0.0526272 0.00326482 0.0064996 0.0233806 0.0531316 0.0701911 0.0354562 0.00903776 0.0029595 0.00279337 0.00582394 0.0921308
 0.999534 0.000118757 0.000237634 2.83343e-05 2.31251e-06 4.50662e-06 1.07772e-05 1.63077e-05 1.29414e-05 5.52053e-06 1.61404e-06 7.74262e-07 1.1274e-06 2.51743e-05
 0.999688 0.000114926 0.000153557 1.1725e-05 9.18991e-07 1.78767e-06 4.2747e-06 6.46832e-06 5.1331e-06 2.18968e-06 6.40198e-07 3.07105e-07 4.47174e-07 9.98522e-06
 0.999739 0.000112926 0.000121589 7.31604e-06 5.61157e-07 1.09052e-06 2.60757e-06 3.94568e-06 3.13119e-06 1.3357e-06 3.90521e-07 1.87335e-07 2.72776e-07 6.09099e-06
 0.999785 0.00011043 9.03524e-05 4.01536e-06 2.99632e-07 5.81567e-07 1.39052e-06 2.10408e-06 1.66974e-06 7.1228e-07 2.0825e-07 9.98983e-08 1.45461e-07 3.24809e-06
 0.282107 0.629025 0.0852171 0.00358337 6.3631e-05 8.91732e-07 2.44768e-07 3.95674e-07 4.03827e-07 2.50614e-07 1.0042e-07 3.54211e-08 2.76127e-08 7.43552e-07
 0.282107 0.629025 0.0852171 0.00358337 6.3631e-05 8.91732e-07 2.44768e-07 3.95674e-07 4.03827e-07 2.50614e-07 1.0042e-07 3.54211e-08 2.76127e-08 7.43552e-07
 0.282107 0.629025 0.0852171 0.00358337 6.3631e-05 8.91732e-07 2.44768e-07 3.95674e-07 4.03827e-07 2.50614e-07 1.0042e-07 3.54211e-08 2.76127e-08 7.43552e-07
 0.282107 0.629025 0.0852171 0.00358337 6.3631e-05 8.91732e-07 2.44768e-07 3.95674e-07 4.03827e-07 2.50614e-07 1.0042e-07 3.54211e-08 2.76127e-08 7.43552e-07
 0.285949 0.632826 0.0781987 0.00297087 5.22708e-05 7.32226e-07 2.00982e-07 3.24892e-07 3.31587e-07 2.05782e-07 8.24558e-08 2.90847e-08 2.26732e-08 6.10539e-07
 0.289907 0.636413 0.0712115 0.00242475 4.22401e-05 5.91447e-07 1.62338e-07 2.62423e-07 2.6783e-07 1.66215e-07 6.66013e-08 2.34923e-08 1.83136e-08 4.93146e-07
 0.293083 0.639036 0.0658003 0.00204408 3.53133e-05 4.94272e-07 1.35664e-07 2.19303e-07 2.23822e-07 1.38904e-07 5.56578e-08 1.96322e-08 1.53044e-08 4.12115e-07
 0.293083 0.639036 0.0658003 0.00204408 3.53133e-05 4.94272e-07 1.35664e-07 2.19303e-07 2.23822e-07 1.38904e-07 5.56578e-08 1.96322e-08 1.53044e-08 4.12115e-07
 0.0944781 0.411747 0.437903 0.053776 0.00204817 4.71984e-05 9.24682e-07 9.5458e-08 9.79752e-08 7.8223e-08 4.24284e-08 1.71172e-08 8.13927e-09 1.90217e-07
 0.0972651 0.422276 0.428545 0.0499749 0.00189448 4.36476e-05 8.5511e-07 8.82758e-08 9.06036e-08 7.23375e-08 3.92361e-08 1.58293e-08 7.52688e-09 1.75905e-07
 0.099147 0.429336 0.422139 0.0475386 0.00179642 4.13825e-05 8.10727e-07 8.3694e-08 8.5901e-08 6.8583e-08 3.71996e-08 1.50077e-08 7.13621e-09 1.66775e-07
 0.101121 0.436699 0.415351 0.0450907 0.00169826 3.91153e-05 7.66307e-07 7.91083e-08 8.11944e-08 6.48252e-08 3.51614e-08 1.41854e-08 6.74521e-09 1.57637e-07
 0.0391547 0.252101 0.480574 0.208975 0.0183425 0.000824499 2.6887e-05 7.45473e-07 5.46077e-08 3.68537e-08 2.50323e-08 1.26656e-08 5.59233e-09 8.38234e-08
 0.0391547 0.252101 0.480574 0.208975 0.0183425 0.000824499 2.6887e-05 7.45473e-07 5.46077e-08 3.68537e-08 2.50323e-08 1.26656e-08 5.59233e-09 8.38234e-08
 0.0391547 0.252101 0.480574 0.208975 0.0183425 0.000824499 2.6887e-05 7.45473e-07 5.46077e-08 3.68537e-08 2.50323e-08 1.26656e-08 5.59233e-09 8.38234e-08
 0.0391547 0.252101 0.480574 0.208975 0.0183425 0.000824499 2.6887e-05 7.45473e-07 5.46077e-08 3.68537e-08 2.50323e-08 1.26656e-08 5.59233e-09 8.38234e-08
 0.0408513 0.262142 0.479533 0.199248 0.0174167 0.000782737 2.55249e-05 7.07708e-07 5.18413e-08 3.49868e-08 2.37642e-08 1.2024e-08 5.30902e-09 7.95769e-08
 0.0418655 0.268119 0.478701 0.193644 0.0168857 0.000758791 2.4744e-05 6.86054e-07 5.02551e-08 3.39163e-08 2.30371e-08 1.16561e-08 5.14658e-09 7.71421e-08
 0.0426714 0.272854 0.477934 0.189299 0.0164753 0.000740283 2.41403e-05 6.69318e-07 4.90291e-08 3.30889e-08 2.24751e-08 1.13718e-08 5.02103e-09 7.52602e-08
 0.0426714 0.272854 0.477934 0.189299 0.0164753 0.000740283 2.41403e-05 6.69318e-07 4.90291e-08 3.30889e-08 2.24751e-08 1.13718e-08 5.02103e-09 7.52602e-08
 0.0186991 0.158413 0.430849 0.318961 0.0668153 0.00591097 0.000336032 1.44935e-05 5.30515e-07 3.56145e-08 1.68492e-08 1.0215e-08 5.1239e-09 4.80131e-08
 0.0193657 0.16371 0.433723 0.311924 0.0651696 0.0057647 0.000327715 1.41348e-05 5.17384e-07 3.4733e-08 1.64322e-08 9.96213e-09 4.99708e-09 4.68247e-08
 0.0197908 0.16708 0.435439 0.307533 0.0641465 0.00567377 0.000322545 1.39118e-05 5.09222e-07 3.4185e-08 1.6173e-08 9.80497e-09 4.91825e-09 4.6086e-08
 0.0202688 0.170861 0.437264 0.302682 0.0630197 0.00557365 0.000316852 1.36663e-05 5.00234e-07 3.35817e-08 1.58875e-08 9.6319e-09 4.83144e-09 4.52726e-08
 0.0100266 0.104744 0.364361 0.373295 0.124457 0.0208922 0.00207229 0.000143884 7.74805e-06 3.54988e-07 2.4195e-08 8.61653e-09 4.85666e-09 3.19398e-08
 0.0100266 0.104744 0.364361 0.373295 0.124457 0.0208922 0.00207229 0.000143884 7.74805e-06 3.54988e-07 2.4195e-08 8.61653e-09 4.85666e-09 3.19398e-08
 0.0365794 0.101934 0.354588 0.363282 0.121119 0.0203319 0.00201671 0.000140025 7.54023e-06 3.45466e-07 2.3546e-08 8.38542e-09 4.7264e-09 3.10831e-08
 0.0365794 0.101934 0.354588 0.363282 0.121119 0.0203319 0.00201671 0.000140025 7.54023e-06 3.45466e-07 2.3546e-08 8.38542e-09 4.7264e-09 3.10831e-08
 0.0375877 0.10459 0.357327 0.358878 0.119435 0.0200475 0.00198849 0.000138066 7.43475e-06 3.40633e-07 2.32166e-08 8.26811e-09 4.66028e-09 3.06483e-08
 0.039296 0.109079 0.361736 0.351571 0.116655 0.0195782 0.00194194 0.000134833 7.26067e-06 3.32658e-07 2.2673e-08 8.07452e-09 4.55116e-09 2.99307e-08
 0.0400232 0.110985 0.363529 0.348517 0.115498 0.019383 0.00192257 0.000133489 7.18827e-06 3.2934e-07 2.24469e-08 7.994e-09 4.50578e-09 2.96322e-08
 0.0400232 0.110985 0.363529 0.348517 0.115498 0.019383 0.00192257 0.000133489 7.18827e-06 3.2934e-07 2.24469e-08 7.994e-09 4.50578e-09 2.96322e-08
 0.304544 0.0712977 0.204859 0.263246 0.120187 0.030289 0.00497716 0.000551975 4.50126e-05 2.90236e-06 1.6016e-07 1.15562e-08 3.34511e-09 1.62557e-08
 0.313452 0.0732331 0.205198 0.256468 0.116798 0.0294316 0.00483625 0.000536347 4.37382e-05 2.82018e-06 1.55625e-07 1.1229e-08 3.2504e-09 1.57955e-08
 0.314409 0.0734405 0.205226 0.255744 0.116437 0.0293403 0.00482124 0.000534682 4.36024e-05 2.81143e-06 1.55142e-07 1.11941e-08 3.24031e-09 1.57465e-08
 0.324365 0.0755942 0.20544 0.248259 0.112714 0.0283985 0.00466646 0.000517517 4.22027e-05 2.72118e-06 1.50162e-07 1.08348e-08 3.13629e-09 1.5241e-08
 0.137395 0.337543 0.182798 0.190627 0.106108 0.0355855 0.00835001 0.00140524 0.000171326 1.59384e-05 1.19418e-06 7.71453e-08 6.01831e-09 9.69917e-09
 0.137395 0.337543 0.182798 0.190627 0.106108 0.0355855 0.00835001 0.00140524 0.000171326 1.59384e-05 1.19418e-06 7.71453e-08 6.01831e-09 9.69917e-09
 0.218424 0.305836 0.165627 0.17272 0.0961407 0.0322428 0.00756565 0.00127323 0.000155233 1.44412e-05 1.082e-06 6.98987e-08 5.45298e-09 8.78808e-09
 0.218424 0.305836 0.165627 0.17272 0.0961407 0.0322428 0.00756565 0.00127323 0.000155233 1.44412e-05 1.082e-06 6.98987e-08 5.45298e-09 8.78808e-09
 0.224552 0.313612 0.164587 0.165789 0.0919928 0.0308473 0.00723817 0.00121812 0.000148514 1.38161e-05 1.03517e-06 6.6873e-08 5.21694e-09 8.40768e-09
 0.233099 0.32438 0.162886 0.156274 0.0863305 0.0289428 0.00679123 0.00114291 0.000139343 1.2963e-05 9.71247e-07 6.27438e-08 4.89481e-09 7.88853e-09
 0.236559 0.328711 0.162115 0.152474 0.0840794 0.0281859 0.00661359 0.00111301 0.000135698 1.26239e-05 9.45841e-07 6.11026e-08 4.76677e-09 7.68218e-09
 0.236559 0.328711 0.162115 0.152474 0.0840794 0.0281859 0.00661359 0.00111301 0.000135698 1.26239e-05 9.45841e-07 6.11026e-08 4.76677e-09 7.68218e-09
 0.292035 0.257113 0.256624 0.110601 0.0536494 0.0215832 0.00657511 0.00151704 0.000264121 3.49217e-05 3.62996e-06 3.09139e-07 2.29094e-08 4.99011e-09
 0.300909 0.264024 0.252736 0.104016 0.0502444 0.0202095 0.00615659 0.00142048 0.000247309 3.26989e-05 3.3989e-06 2.89462e-07 2.14512e-08 4.67248e-09
 0.310816 0.271666 0.248034 0.096887 0.0465796 0.0187314 0.00570625 0.00131657 0.000229219 3.03071e-05 3.15028e-06 2.68288e-07 1.98821e-08 4.3307e-09
 0.318776 0.277748 0.243983 0.0913292 0.0437381 0.0175857 0.00535719 0.00123603 0.000215197 2.84531e-05 2.95757e-06 2.51876e-07 1.86658e-08 4.06578e-09
 0.118952 0.36617 0.315394 0.140826 0.037684 0.0140219 0.00505661 0.00148157 0.000342098 6.17794e-05 8.7721e-06 1.00358e-06 9.56602e-08 9.71645e-09
 0.118952 0.36617 0.315394 0.140826 0.037684 0.0140219 0.00505661 0.00148157 0.000342098 6.17794e-05 8.7721e-06 1.00358e-06 9.56602e-08 9.71645e-09
 0.279338 0.299512 0.257979 0.11519 0.030824 0.0114693 0.00413611 0.00121186 0.000279822 5.05331e-05 7.17523e-06 8.20885e-07 7.82462e-08 7.94767e-09
 0.279338 0.299512 0.257979 0.11519 0.030824 0.0114693 0.00413611 0.00121186 0.000279822 5.05331e-05 7.17523e-06 8.20885e-07 7.82462e-08 7.94767e-09
 0.287661 0.307302 0.253001 0.107475 0.0286297 0.0106507 0.00384084 0.00112535 0.000259847 4.69256e-05 6.66301e-06 7.62284e-07 7.26604e-08 7.3803e-09
 0.29335 0.312581 0.249414 0.102353 0.0271799 0.0101099 0.0036458 0.0010682 0.000246651 4.45427e-05 6.32465e-06 7.23574e-07 6.89706e-08 7.00552e-09
 0.297894 0.316768 0.246444 0.0983513 0.0260511 0.00968892 0.00349398 0.00102372 0.00023638 4.26878e-05 6.06127e-06 6.93442e-07 6.60985e-08 6.71379e-09
 0.297894 0.316768 0.246444 0.0983513 0.0260511 0.00968892 0.00349398 0.00102372 0.00023638 4.26878e-05 6.06127e-06 6.93442e-07 6.60985e-08 6.71379e-09
 0.109089 0.356466 0.337969 0.148106 0.034976 0.0088407 0.00309838 0.00106296 0.000305652 7.12368e-05 1.33528e-05 2.02167e-06 2.52131e-07 2.89759e-08
 0.111789 0.364401 0.335328 0.142185 0.0334776 0.00846082 0.00296523 0.00101728 0.000292517 6.81753e-05 1.2779e-05 1.93479e-06 2.41296e-07 2.77306e-08
 0.116973 0.379519 0.329769 0.13125 0.030726 0.00776337 0.00272077 0.000933408 0.000268401 6.25548e-05 1.17254e-05 1.77528e-06 2.21403e-07 2.54444e-08
 0.1203 0.389141 0.325876 0.124524 0.0290436 0.00733708 0.00257135 0.000882147 0.000253661 5.91194e-05 1.10815e-05 1.67778e-06 2.09243e-07 2.40471e-08
 0.0484787 0.26078 0.430933 0.202487 0.044548 0.00909777 0.00244714 0.000843134 0.00028122 8.02361e-05 1.89749e-05 3.69163e-06 5.94102e-07 8.82225e-08
 0.0484787 0.26078 0.430933 0.202487 0.044548 0.00909777 0.00244714 0.000843134 0.00028122 8.02361e-05 1.89749e-05 3.69163e-06 5.94102e-07 8.82225e-08
 0.0484787 0.26078 0.430933 0.202487 0.044548 0.00909777 0.00244714 0.000843134 0.00028122 8.02361e-05 1.89749e-05 3.69163e-06 5.94102e-07 8.82225e-08
 0.0484787 0.26078 0.430933 0.202487 0.044548 0.00909777 0.00244714 0.000843134 0.00028122 8.02361e-05 1.89749e-05 3.69163e-06 5.94102e-07 8.82225e-08
 0.0504373 0.270481 0.430398 0.19398 0.0425153 0.00868117 0.00233507 0.000804519 0.00026834 7.65613e-05 1.81059e-05 3.52255e-06 5.66892e-07 8.4182e-08
 0.05269 0.281579 0.429319 0.184583 0.0402829 0.00822376 0.00221202 0.000762123 0.000254199 7.25267e-05 1.71518e-05 3.33692e-06 5.37018e-07 7.97458e-08
 0.0548502 0.292161 0.427845 0.175943 0.0382423 0.00780575 0.00209956 0.000723379 0.000241276 6.88397e-05 1.62798e-05 3.16728e-06 5.09718e-07 7.56917e-08
 0.0548502 0.292161 0.427845 0.175943 0.0382423 0.00780575 0.00209956 0.000723379 0.000241276 6.88397e-05 1.62798e-05 3.16728e-06 5.09718e-07 7.56917e-08
 0.028801 0.17594 0.421256 0.286939 0.0698386 0.0131851 0.00282788 0.000810009 0.000277128 9.0954e-05 2.59403e-05 6.24713e-06 1.26476e-06 2.44234e-07
 0.0294385 0.179586 0.422753 0.282618 0.0686701 0.0129634 0.00278034 0.000796391 0.000272469 8.94249e-05 2.55043e-05 6.14211e-06 1.2435e-06 2.40128e-07
 0.0306397 0.186436 0.425327 0.274665 0.0665282 0.0125573 0.00269322 0.000771437 0.000263931 8.66229e-05 2.47051e-05 5.94965e-06 1.20454e-06 2.32604e-07
 0.0318155 0.193117 0.427549 0.26711 0.0645043 0.0121737 0.00261092 0.000747863 0.000255866 8.39758e-05 2.39501e-05 5.76783e-06 1.16773e-06 2.25496e-07
 0.0154532 0.125841 0.374051 0.344739 0.111057 0.0228824 0.00447259 0.00103787 0.000311839 0.000106401 3.46447e-05 9.93097e-06 2.45074e-06 6.06841e-07
 0.0154532 0.125841 0.374051 0.344739 0.111057 0.0228824 0.00447259 0.00103787 0.000311839 0.000106401 3.46447e-05 9.93097e-06 2.45074e-06 6.06841e-07
 0.0541173 0.120899 0.359362 0.331201 0.106696 0.0219838 0.00429695 0.000997113 0.000299593 0.000102223 3.32841e-05 9.54097e-06 2.3545e-06 5.8301e-07
 0.0541173 0.120899 0.359362 0.331201 0.106696 0.0219838 0.00429695 0.000997113 0.000299593 0.000102223 3.32841e-05 9.54097e-06 2.3545e-06 5.8301e-07
 0.0562632 0.125413 0.362711 0.32434 0.104199 0.0214668 0.00419587 0.000973658 0.000292546 9.98181e-05 3.25012e-05 9.31653e-06 2.29911e-06 5.69296e-07
 0.0590548 0.131264 0.366726 0.315646 0.101056 0.0208159 0.00406862 0.000944128 0.000283673 9.67908e-05 3.15155e-05 9.03397e-06 2.22938e-06 5.5203e-07
 0.0623427 0.138128 0.370988 0.305725 0.0974936 0.0200786 0.00392447 0.000910679 0.000273623 9.33616e-05 3.03989e-05 8.71391e-06 2.1504e-06 5.32472e-07
 0.0623427 0.138128 0.370988 0.305725 0.0974936 0.0200786 0.00392447 0.000910679 0.000273623 9.33616e-05 3.03989e-05 8.71391e-06 2.1504e-06 5.32472e-07
 0.0903712 0.124908 0.288651 0.320209 0.132821 0.0339347 0.00707847 0.00148299 0.000370545 0.000115422 3.94005e-05 1.28052e-05 3.7214e-06 1.1568e-06
 0.0954961 0.131571 0.292377 0.310631 0.128344 0.032785 0.0068386 0.00143274 0.000357988 0.000111511 3.80653e-05 1.23712e-05 3.5953e-06 1.1176e-06
 0.0999723 0.137366 0.295299 0.302462 0.124554 0.0318122 0.00663563 0.00139021 0.000347363 0.000108201 3.69355e-05 1.20041e-05 3.48859e-06 1.08443e-06
 0.104942 0.143774 0.2982 0.293596 0.12047 0.0307641 0.00641697 0.0013444 0.000335916 0.000104636 3.57184e-05 1.16085e-05 3.37363e-06 1.04869e-06
 0.051225 0.182571 0.282298 0.28757 0.138705 0.0437207 0.0108066 0.00236212 0.000531246 0.000141489 4.53449e-05 1.55293e-05 5.08854e-06 1.93422e-06
 0.051225 0.182571 0.282298 0.28757 0.138705 0.0437207 0.0108066 0.00236212 0.000531246 0.000141489 4.53449e-05 1.55293e-05 5.08854e-06 1.93422e-06
 0.105881 0.172054 0.266036 0.271004 0.130714 0.0412021 0.0101841 0.00222605 0.000500643 0.000133339 4.27327e-05 1.46347e-05 4.79541e-06 1.8228e-06
 0.105881 0.172054 0.266036 0.271004 0.130714 0.0412021 0.0101841 0.00222605 0.000500643 0.000133339 4.27327e-05 1.46347e-05 4.79541e-06 1.8228e-06
 0.11037 0.178884 0.267925 0.2635 0.12669 0.0399278 0.00986903 0.00215719 0.000485156 0.000129214 4.14109e-05 1.4182e-05 4.64707e-06 1.76641e-06
 0.111919 0.181234 0.268518 0.260944 0.125325 0.0394956 0.00976218 0.00213383 0.000479903 0.000127815 4.09625e-05 1.40284e-05 4.59675e-06 1.74729e-06
 0.113437 0.183535 0.269071 0.258453 0.123997 0.0390754 0.00965828 0.00211112 0.000474795 0.000126455 4.05265e-05 1.38791e-05 4.54783e-06 1.72869e-06
 0.113437 0.183535 0.269071 0.258453 0.123997 0.0390754 0.00965828 0.00211112 0.000474795 0.000126455 4.05265e-05 1.38791e-05 4.54783e-06 1.72869e-06
 0.371132 0.132483 0.195325 0.170424 0.0864143 0.0317512 0.00939365 0.00235194 0.000541097 0.000129993 3.65506e-05 1.19957e-05 4.15708e-06 1.86149e-06
 0.379868 0.135309 0.194293 0.164654 0.0832681 0.0305916 0.00905051 0.00226603 0.000521332 0.000125245 3.52154e-05 1.15576e-05 4.00522e-06 1.79349e-06
 0.39364 0.139736 0.192414 0.155692 0.0784059 0.0287998 0.00852036 0.00213329 0.000490793 0.000117908 3.31526e-05 1.08805e-05 3.7706e-06 1.68843e-06
 0.40619 0.143738 0.190434 0.147668 0.0740782 0.0272055 0.00804861 0.00201517 0.000463619 0.00011138 3.1317e-05 1.02781e-05 3.56183e-06 1.59495e-06
 0.155919 0.401328 0.217594 0.133094 0.0583917 0.0228309 0.00778867 0.00227651 0.000584081 0.000141303 3.60401e-05 1.06134e-05 3.58026e-06 1.779e-06
 0.155919 0.401328 0.217594 0.133094 0.0583917 0.0228309 0.00778867 0.00227651 0.000584081 0.000141303 3.60401e-05 1.06134e-05 3.58026e-06 1.779e-06
 0.155919 0.401328 0.217594 0.133094 0.0583917 0.0228309 0.00778867 0.00227651 0.000584081 0.000141303 3.60401e-05 1.06134e-05 3.58026e-06 1.779e-06
 0.155919 0.401328 0.217594 0.133094 0.0583917 0.0228309 0.00778867 0.00227651 0.000584081 0.000141303 3.60401e-05 1.06134e-05 3.58026e-06 1.779e-06
 0.162002 0.415253 0.213939 0.12369 0.0539891 0.0211046 0.00719969 0.00210436 0.000539912 0.000130618 3.33147e-05 9.81082e-06 3.30952e-06 1.64447e-06
 0.166192 0.424759 0.211177 0.117386 0.0510551 0.0199545 0.00680728 0.00198966 0.000510485 0.000123499 3.14989e-05 9.2761e-06 3.12914e-06 1.55484e-06
 0.170626 0.434734 0.208042 0.110873 0.0480383 0.0187722 0.0064039 0.00187176 0.000480235 0.00011618 2.96324e-05 8.72642e-06 2.94372e-06 1.4627e-06
 0.170626 0.434734 0.208042 0.110873 0.0480383 0.0187722 0.0064039 0.00187176 0.000480235 0.00011618 2.96324e-05 8.72642e-06 2.94372e-06 1.4627e-06
 0.086887 0.299439 0.398412 0.145067 0.045235 0.01623 0.00595575 0.00198462 0.000582169 0.000153709 3.90212e-05 1.05033e-05 3.24002e-06 1.6398e-06
 0.0893273 0.307096 0.39652 0.139675 0.043423 0.0155778 0.00571637 0.00190485 0.000558769 0.000147531 3.74528e-05 1.00811e-05 3.10979e-06 1.57389e-06
 0.0917842 0.314771 0.394405 0.134401 0.0416579 0.0149425 0.00548323 0.00182716 0.00053598 0.000141514 3.59253e-05 9.66997e-06 2.98296e-06 1.5097e-06
 0.0945249 0.32329 0.391805 0.128695 0.0397564 0.0142583 0.00523212 0.00174348 0.000511433 0.000135033 3.428e-05 9.22711e-06 2.84635e-06 1.44056e-06
 0.0398279 0.221537 0.42231 0.240759 0.0534871 0.0144033 0.00502588 0.00180847 0.000598093 0.000177388 4.82921e-05 1.28337e-05 3.64736e-06 1.73179e-06
 0.0398279 0.221537 0.42231 0.240759 0.0534871 0.0144033 0.00502588 0.00180847 0.000598093 0.000177388 4.82921e-05 1.28337e-05 3.64736e-06 1.73179e-06
 0.0788141 0.212542 0.405162 0.230983 0.0513153 0.0138185 0.00482181 0.00173504 0.000573808 0.000170186 4.63313e-05 1.23126e-05 3.49927e-06 1.66147e-06
 0.0788141 0.212542 0.405162 0.230983 0.0513153 0.0138185 0.00482181 0.00173504 0.000573808 0.000170186 4.63313e-05 1.23126e-05 3.49927e-06 1.66147e-06
 0.0823741 0.221424 0.405658 0.221349 0.0489797 0.0131872 0.00460148 0.00165576 0.000547588 0.000162409 4.42142e-05 1.175e-05 3.33937e-06 1.58555e-06
 0.0834141 0.22401 0.40572 0.2186 0.0483159 0.0130078 0.00453888 0.00163323 0.000540138 0.0001602 4.36127e-05 1.15902e-05 3.29394e-06 1.56398e-06
 0.0850113 0.227974 0.405743 0.214435 0.0473124 0.0127366 0.00444424 0.00159917 0.000528876 0.000156859 4.27033e-05 1.13485e-05 3.22525e-06 1.53137e-06
 0.0850113 0.227974 0.405743 0.214435 0.0473124 0.0127366 0.00444424 0.00159917 0.000528876 0.000156859 4.27033e-05 1.13485e-05 3.22525e-06 1.53137e-06
 0.170425 0.157384 0.321759 0.25504 0.0734046 0.0153893 0.00429897 0.00150769 0.000538482 0.00017817 5.3672e-05 1.50802e-05 4.20757e-06 1.82697e-06
 0.176927 0.162944 0.322202 0.246165 0.070614 0.014802 0.00413489 0.00145015 0.000517928 0.000171369 5.16234e-05 1.45047e-05 4.04698e-06 1.75724e-06
 0.184376 0.169283 0.322358 0.236252 0.0675149 0.01415 0.00395272 0.00138626 0.00049511 0.000163819 4.9349e-05 1.38656e-05 3.86868e-06 1.67982e-06
 0.191253 0.175106 0.32218 0.227334 0.0647433 0.013567 0.00378984 0.00132913 0.000474707 0.000157068 4.73154e-05 1.32942e-05 3.70926e-06 1.6106e-06
 0.0832712 0.25992 0.298353 0.244237 0.0869079 0.020504 0.00467098 0.00138608 0.000491074 0.000175137 5.82847e-05 1.78885e-05 5.21654e-06 2.16248e-06
 0.0832712 0.25992 0.298353 0.244237 0.0869079 0.020504 0.00467098 0.00138608 0.000491074 0.000175137 5.82847e-05 1.78885e-05 5.21654e-06 2.16248e-06
 0.0832712 0.25992 0.298353 0.244237 0.0869079 0.020504 0.00467098 0.00138608 0.000491074 0.000175137 5.82847e-05 1.78885e-05 5.21654e-06 2.16248e-06
 0.0832712 0.25992 0.298353 0.244237 0.0869079 0.020504 0.00467098 0.00138608 0.000491074 0.000175137 5.82847e-05 1.78885e-05 5.21654e-06 2.16248e-06
 0.0860361 0.267916 0.298745 0.236859 0.0840381 0.0198243 0.00451612 0.00134012 0.000474793 0.00016933 5.63523e-05 1.72954e-05 5.04359e-06 2.09079e-06
 0.0900731 0.279534 0.29895 0.226347 0.0799729 0.0188618 0.00429682 0.00127505 0.000451737 0.000161108 5.36158e-05 1.64555e-05 4.79867e-06 1.98926e-06
 0.0940674 0.290961 0.298742 0.21624 0.0760906 0.0179429 0.00408744 0.00121292 0.000429725 0.000153257 5.10032e-05 1.56537e-05 4.56484e-06 1.89232e-06
 0.0940674 0.290961 0.298742 0.21624 0.0760906 0.0179429 0.00408744 0.00121292 0.000429725 0.000153257 5.10032e-05 1.56537e-05 4.56484e-06 1.89232e-06
 0.0611193 0.209448 0.365814 0.239061 0.0910467 0.0252804 0.00600033 0.00150209 0.000470268 0.00016847 6.02537e-05 2.02483e-05 6.38037e-06 2.70104e-06
 0.064592 0.220521 0.367861 0.228515 0.0866309 0.0240493 0.00570808 0.00142893 0.000447364 0.000160265 5.7319e-05 1.92621e-05 6.06961e-06 2.56948e-06
 0.066589 0.226859 0.368768 0.222629 0.084181 0.0233664 0.00554598 0.00138835 0.000434659 0.000155713 5.56912e-05 1.8715e-05 5.89724e-06 2.49651e-06
 0.0690965 0.234789 0.369639 0.215414 0.0811919 0.0225335 0.00534825 0.00133885 0.000419162 0.000150162 5.37056e-05 1.80478e-05 5.68698e-06 2.4075e-06
 0.0321685 0.178145 0.373736 0.280725 0.0962686 0.0286382 0.0076346 0.00190346 0.000516982 0.000169151 6.13055e-05 2.20642e-05 7.55447e-06 3.4369e-06
 0.0321685 0.178145 0.373736 0.280725 0.0962686 0.0286382 0.0076346 0.00190346 0.000516982 0.000169151 6.13055e-05 2.20642e-05 7.55447e-06 3.4369e-06
 0.053364 0.174243 0.365552 0.274577 0.0941603 0.028011 0.0074674 0.00186177 0.000505661 0.000165446 5.99629e-05 2.1581e-05 7.38903e-06 3.36164e-06
 0.053364 0.174243 0.365552 0.274577 0.0941603 0.028011 0.0074674 0.00186177 0.000505661 0.000165446 5.99629e-05 2.1581e-05 7.38903e-06 3.36164e-06
 0.0555679 0.18098 0.368055 0.267128 0.0913206 0.0271625 0.00724114 0.00180536 0.000490339 0.000160433 5.8146e-05 2.09271e-05 7.16513e-06 3.25978e-06
 0.0575531 0.187027 0.370063 0.260579 0.0888376 0.0264206 0.00704334 0.00175604 0.000476945 0.000156051 5.65577e-05 2.03554e-05 6.96941e-06 3.17073e-06
 0.0589244 0.191192 0.37132 0.256142 0.087162 0.0259201 0.00690988 0.00172277 0.000467907 0.000153094 5.5486e-05 1.99697e-05 6.83736e-06 3.11065e-06
 0.0589244 0.191192 0.37132 0.256142 0.087162 0.0259201 0.00690988 0.00172277 0.000467907 0.000153094 5.5486e-05 1.99697e-05 6.83736e-06 3.11065e-06
 0.312565 0.105718 0.243457 0.220702 0.0837197 0.0243178 0.00693723 0.00187007 0.000493039 0.000143327 4.86353e-05 1.78455e-05 6.52332e-06 3.26383e-06
 0.328107 0.110537 0.242509 0.208391 0.0786668 0.0228451 0.00651704 0.0017568 0.000463176 0.000134646 4.56895e-05 1.67646e-05 6.12821e-06 3.06614e-06
 0.343003 0.11512 0.241131 0.196881 0.0739776 0.0214788 0.00612723 0.00165172 0.000435471 0.000126592 4.29566e-05 1.57619e-05 5.76165e-06 2.88275e-06
 0.358303 0.119789 0.239249 0.185349 0.0693132 0.0201203 0.00573962 0.00154723 0.000407923 0.000118584 4.02391e-05 1.47647e-05 5.39716e-06 2.70038e-06
 0.14326 0.366036 0.221047 0.170922 0.069084 0.0211279 0.00609456 0.0017471 0.00048352 0.000134614 4.14181e-05 1.44961e-05 5.4266e-06 2.97146e-06
 0.14326 0.366036 0.221047 0.170922 0.069084 0.0211279 0.00609456 0.0017471 0.00048352 0.000134614 4.14181e-05 1.44961e-05 5.4266e-06 2.97146e-06
 0.14326 0.366036 0.221047 0.170922 0.069084 0.0211279 0.00609456 0.0017471 0.00048352 0.000134614 4.14181e-05 1.44961e-05 5.4266e-06 2.97146e-06
 0.14326 0.366036 0.221047 0.170922 0.069084 0.0211279 0.00609456 0.0017471 0.00048352 0.000134614 4.14181e-05 1.44961e-05 5.4266e-06 2.97146e-06
 0.148667 0.378502 0.218827 0.16126 0.064895 0.0198429 0.00572383 0.00164083 0.000454108 0.000126426 3.88987e-05 1.36143e-05 5.09651e-06 2.79071e-06
 0.152178 0.386544 0.217207 0.155118 0.0622455 0.0190303 0.0054894 0.00157362 0.000435509 0.000121248 3.73055e-05 1.30567e-05 4.88777e-06 2.67641e-06
$survey_size_comp_pred_comp
 0.00217895 0.640525 0.0526272 0.00326482 0.0064996 0.0233806 0.0531316 0.0701911 0.0354562 0.00903776 0.0029595 0.00279337 0.00582394 0.0921308
 0.999739 0.000112926 0.000121589 7.31604e-06 5.61157e-07 1.09052e-06 2.60757e-06 3.94568e-06 3.13119e-06 1.3357e-06 3.90521e-07 1.87335e-07 2.72776e-07 6.09099e-06
 0.282107 0.629025 0.0852171 0.00358337 6.3631e-05 8.91732e-07 2.44768e-07 3.95674e-07 4.03827e-07 2.50614e-07 1.0042e-07 3.54211e-08 2.76127e-08 7.43552e-07
 0.282107 0.629025 0.0852171 0.00358337 6.3631e-05 8.91732e-07 2.44768e-07 3.95674e-07 4.03827e-07 2.50614e-07 1.0042e-07 3.54211e-08 2.76127e-08 7.43552e-07
 0.0944781 0.411747 0.437903 0.053776 0.00204817 4.71984e-05 9.24682e-07 9.5458e-08 9.79752e-08 7.8223e-08 4.24284e-08 1.71172e-08 8.13927e-09 1.90217e-07
 0.0972651 0.422276 0.428545 0.0499749 0.00189448 4.36476e-05 8.5511e-07 8.82758e-08 9.06036e-08 7.23375e-08 3.92361e-08 1.58293e-08 7.52688e-09 1.75905e-07
 0.0391547 0.252101 0.480574 0.208975 0.0183425 0.000824499 2.6887e-05 7.45473e-07 5.46077e-08 3.68537e-08 2.50323e-08 1.26656e-08 5.59233e-09 8.38234e-08
 0.0418655 0.268119 0.478701 0.193644 0.0168857 0.000758791 2.4744e-05 6.86054e-07 5.02551e-08 3.39163e-08 2.30371e-08 1.16561e-08 5.14658e-09 7.71421e-08
 0.0426714 0.272854 0.477934 0.189299 0.0164753 0.000740283 2.41403e-05 6.69318e-07 4.90291e-08 3.30889e-08 2.24751e-08 1.13718e-08 5.02103e-09 7.52602e-08
 0.0202688 0.170861 0.437264 0.302682 0.0630197 0.00557365 0.000316852 1.36663e-05 5.00234e-07 3.35817e-08 1.58875e-08 9.6319e-09 4.83144e-09 4.52726e-08
 0.0100266 0.104744 0.364361 0.373295 0.124457 0.0208922 0.00207229 0.000143884 7.74805e-06 3.54988e-07 2.4195e-08 8.61653e-09 4.85666e-09 3.19398e-08
 0.0375877 0.10459 0.357327 0.358878 0.119435 0.0200475 0.00198849 0.000138066 7.43475e-06 3.40633e-07 2.32166e-08 8.26811e-09 4.66028e-09 3.06483e-08
 0.313452 0.0732331 0.205198 0.256468 0.116798 0.0294316 0.00483625 0.000536347 4.37382e-05 2.82018e-06 1.55625e-07 1.1229e-08 3.2504e-09 1.57955e-08
 0.218424 0.305836 0.165627 0.17272 0.0961407 0.0322428 0.00756565 0.00127323 0.000155233 1.44412e-05 1.082e-06 6.98987e-08 5.45298e-09 8.78808e-09
 0.233099 0.32438 0.162886 0.156274 0.0863305 0.0289428 0.00679123 0.00114291 0.000139343 1.2963e-05 9.71247e-07 6.27438e-08 4.89481e-09 7.88853e-09
 0.236559 0.328711 0.162115 0.152474 0.0840794 0.0281859 0.00661359 0.00111301 0.000135698 1.26239e-05 9.45841e-07 6.11026e-08 4.76677e-09 7.68218e-09
 0.118952 0.36617 0.315394 0.140826 0.037684 0.0140219 0.00505661 0.00148157 0.000342098 6.17794e-05 8.7721e-06 1.00358e-06 9.56602e-08 9.71645e-09
 0.118952 0.36617 0.315394 0.140826 0.037684 0.0140219 0.00505661 0.00148157 0.000342098 6.17794e-05 8.7721e-06 1.00358e-06 9.56602e-08 9.71645e-09
 0.29335 0.312581 0.249414 0.102353 0.0271799 0.0101099 0.0036458 0.0010682 0.000246651 4.45427e-05 6.32465e-06 7.23574e-07 6.89706e-08 7.00552e-09
 0.111789 0.364401 0.335328 0.142185 0.0334776 0.00846082 0.00296523 0.00101728 0.000292517 6.81753e-05 1.2779e-05 1.93479e-06 2.41296e-07 2.77306e-08
 0.116973 0.379519 0.329769 0.13125 0.030726 0.00776337 0.00272077 0.000933408 0.000268401 6.25548e-05 1.17254e-05 1.77528e-06 2.21403e-07 2.54444e-08
 0.0484787 0.26078 0.430933 0.202487 0.044548 0.00909777 0.00244714 0.000843134 0.00028122 8.02361e-05 1.89749e-05 3.69163e-06 5.94102e-07 8.82225e-08
 0.05269 0.281579 0.429319 0.184583 0.0402829 0.00822376 0.00221202 0.000762123 0.000254199 7.25267e-05 1.71518e-05 3.33692e-06 5.37018e-07 7.97458e-08
 0.028801 0.17594 0.421256 0.286939 0.0698386 0.0131851 0.00282788 0.000810009 0.000277128 9.0954e-05 2.59403e-05 6.24713e-06 1.26476e-06 2.44234e-07
 0.0154532 0.125841 0.374051 0.344739 0.111057 0.0228824 0.00447259 0.00103787 0.000311839 0.000106401 3.46447e-05 9.93097e-06 2.45074e-06 6.06841e-07
 0.0623427 0.138128 0.370988 0.305725 0.0974936 0.0200786 0.00392447 0.000910679 0.000273623 9.33616e-05 3.03989e-05 8.71391e-06 2.1504e-06 5.32472e-07
 0.0954961 0.131571 0.292377 0.310631 0.128344 0.032785 0.0068386 0.00143274 0.000357988 0.000111511 3.80653e-05 1.23712e-05 3.5953e-06 1.1176e-06
 0.104942 0.143774 0.2982 0.293596 0.12047 0.0307641 0.00641697 0.0013444 0.000335916 0.000104636 3.57184e-05 1.16085e-05 3.37363e-06 1.04869e-06
 0.11037 0.178884 0.267925 0.2635 0.12669 0.0399278 0.00986903 0.00215719 0.000485156 0.000129214 4.14109e-05 1.4182e-05 4.64707e-06 1.76641e-06
 0.111919 0.181234 0.268518 0.260944 0.125325 0.0394956 0.00976218 0.00213383 0.000479903 0.000127815 4.09625e-05 1.40284e-05 4.59675e-06 1.74729e-06
 0.379868 0.135309 0.194293 0.164654 0.0832681 0.0305916 0.00905051 0.00226603 0.000521332 0.000125245 3.52154e-05 1.15576e-05 4.00522e-06 1.79349e-06
 0.155919 0.401328 0.217594 0.133094 0.0583917 0.0228309 0.00778867 0.00227651 0.000584081 0.000141303 3.60401e-05 1.06134e-05 3.58026e-06 1.779e-06
 0.155919 0.401328 0.217594 0.133094 0.0583917 0.0228309 0.00778867 0.00227651 0.000584081 0.000141303 3.60401e-05 1.06134e-05 3.58026e-06 1.779e-06
 0.170626 0.434734 0.208042 0.110873 0.0480383 0.0187722 0.0064039 0.00187176 0.000480235 0.00011618 2.96324e-05 8.72642e-06 2.94372e-06 1.4627e-06
 0.0893273 0.307096 0.39652 0.139675 0.043423 0.0155778 0.00571637 0.00190485 0.000558769 0.000147531 3.74528e-05 1.00811e-05 3.10979e-06 1.57389e-06
 0.0398279 0.221537 0.42231 0.240759 0.0534871 0.0144033 0.00502588 0.00180847 0.000598093 0.000177388 4.82921e-05 1.28337e-05 3.64736e-06 1.73179e-06
 0.0834141 0.22401 0.40572 0.2186 0.0483159 0.0130078 0.00453888 0.00163323 0.000540138 0.0001602 4.36127e-05 1.15902e-05 3.29394e-06 1.56398e-06
 0.184376 0.169283 0.322358 0.236252 0.0675149 0.01415 0.00395272 0.00138626 0.00049511 0.000163819 4.9349e-05 1.38656e-05 3.86868e-06 1.67982e-06
 0.0832712 0.25992 0.298353 0.244237 0.0869079 0.020504 0.00467098 0.00138608 0.000491074 0.000175137 5.82847e-05 1.78885e-05 5.21654e-06 2.16248e-06
 0.0832712 0.25992 0.298353 0.244237 0.0869079 0.020504 0.00467098 0.00138608 0.000491074 0.000175137 5.82847e-05 1.78885e-05 5.21654e-06 2.16248e-06
 0.0611193 0.209448 0.365814 0.239061 0.0910467 0.0252804 0.00600033 0.00150209 0.000470268 0.00016847 6.02537e-05 2.02483e-05 6.38037e-06 2.70104e-06
 0.064592 0.220521 0.367861 0.228515 0.0866309 0.0240493 0.00570808 0.00142893 0.000447364 0.000160265 5.7319e-05 1.92621e-05 6.06961e-06 2.56948e-06
 0.0321685 0.178145 0.373736 0.280725 0.0962686 0.0286382 0.0076346 0.00190346 0.000516982 0.000169151 6.13055e-05 2.20642e-05 7.55447e-06 3.4369e-06
 0.0575531 0.187027 0.370063 0.260579 0.0888376 0.0264206 0.00704334 0.00175604 0.000476945 0.000156051 5.65577e-05 2.03554e-05 6.96941e-06 3.17073e-06
 0.0589244 0.191192 0.37132 0.256142 0.087162 0.0259201 0.00690988 0.00172277 0.000467907 0.000153094 5.5486e-05 1.99697e-05 6.83736e-06 3.11065e-06
 0.358303 0.119789 0.239249 0.185349 0.0693132 0.0201203 0.00573962 0.00154723 0.000407923 0.000118584 4.02391e-05 1.47647e-05 5.39716e-06 2.70038e-06
 0.14326 0.366036 0.221047 0.170922 0.069084 0.0211279 0.00609456 0.0017471 0.00048352 0.000134614 4.14181e-05 1.44961e-05 5.4266e-06 2.97146e-06
 0.148667 0.378502 0.218827 0.16126 0.064895 0.0198429 0.00572383 0.00164083 0.000454108 0.000126426 3.88987e-05 1.36143e-05 5.09651e-06 2.79071e-06
$survey_size_comp_obs
 0.0007 0.1363 0.1718 0.0116 0.0417 0.0944 0.0986 0.0442 0.0064 0.0014 0.0028 0.0103 0.0175 0.3623
 0.0014 0.4984 0.492 0.0082 0 0 0 0 0 0 0 0 0 0
 0.1473 0.0045 0.1513 0.3775 0.2893 0.0291 0.001 0 0 0 0 0 0 0
 0.158 0.0048 0.1584 0.373 0.2779 0.0272 0.0007 0 0 0 0 0 0 0
 0.0015 0.3615 0.4115 0.0132 0.0434 0.0778 0.0627 0.0251 0.0033 0 0 0 0 0
 0.0023 0.3799 0.3982 0.0148 0.0396 0.073 0.0624 0.0253 0.0041 0.0003 0 0 0 0.0001
 0.1233 0.0042 0.1284 0.3261 0.2556 0.0319 0.0203 0.0317 0.0336 0.0292 0.0126 0.0025 0.0006 0
 0.1673 0.0053 0.1523 0.2979 0.2275 0.0281 0.017 0.0276 0.0347 0.0265 0.0128 0.0027 0.0002 0.0001
 0.1673 0.0057 0.1532 0.3063 0.221 0.0256 0.0182 0.0299 0.0344 0.0255 0.0105 0.0023 0.0001 0
 0.0026 0.4096 0.3702 0.0112 0.0364 0.0624 0.0533 0.0206 0.0055 0.0049 0.0069 0.0062 0.0056 0.0046
 0.1635 0.0044 0.1192 0.2964 0.2299 0.0266 0.0208 0.0315 0.0351 0.0304 0.0139 0.0034 0.0042 0.0207
 0.2023 0.0051 0.1302 0.2721 0.2184 0.0268 0.0175 0.0314 0.0331 0.0271 0.0112 0.0042 0.0026 0.018
 0.0022 0.3578 0.4181 0.0139 0.0304 0.065 0.0528 0.018 0.0046 0.0041 0.0068 0.0083 0.0062 0.0118
 0.3891 0.0017 0.0832 0.2189 0.189 0.0203 0.0123 0.0201 0.0195 0.0188 0.0072 0.0025 0.0013 0.0161
 0.4912 0.0033 0.0913 0.1746 0.1447 0.0153 0.0104 0.0154 0.0159 0.0152 0.0058 0.0022 0.0013 0.0134
 0.6134 0.0033 0.0634 0.1322 0.1126 0.0132 0.0081 0.0114 0.0126 0.0122 0.0054 0.0011 0.0004 0.0107
 0 0.0053 0.1652 0.4347 0.3054 0.0318 0.0058 0.0116 0.0128 0.0104 0.0071 0.0014 0.0011 0.0074
 0.2024 0.0045 0.1387 0.3368 0.2458 0.0243 0.0066 0.008 0.0112 0.0092 0.0031 0.0014 0.0006 0.0074
 0.2723 0.0057 0.1502 0.2954 0.212 0.025 0.006 0.0055 0.0094 0.0066 0.0038 0.0009 0.0006 0.0066
 0.0024 0.4497 0.4468 0.0096 0.016 0.031 0.0262 0.0106 0.0018 0.0006 0.0013 0.0006 0.0008 0.0026
 0.002 0.4737 0.4353 0.0091 0.0158 0.0264 0.022 0.0084 0.0019 0.0004 0.0011 0.0007 0.0013 0.0019
 0.1093 0.0049 0.1553 0.3794 0.2646 0.0271 0.0089 0.0125 0.0138 0.0136 0.0056 0.0014 0.0008 0.0028
 0.1633 0.0071 0.1782 0.3345 0.2334 0.0258 0.0092 0.012 0.0154 0.0121 0.0052 0.0012 0.0003 0.0023
 0.0013 0.329 0.3868 0.0162 0.0521 0.0918 0.0712 0.0298 0.0051 0.0026 0.003 0.0035 0.0034 0.0042
 0.1136 0.0043 0.1184 0.3218 0.2516 0.0307 0.0232 0.0374 0.041 0.0294 0.0147 0.0027 0.0007 0.0105
 0.1674 0.005 0.1354 0.2855 0.2243 0.0294 0.0209 0.034 0.0422 0.0295 0.0136 0.0024 0.0014 0.009
 0.0016 0.3537 0.343 0.0129 0.0455 0.0856 0.0673 0.0308 0.0075 0.0083 0.0109 0.0122 0.0097 0.011
 0.0021 0.4119 0.3403 0.0106 0.0356 0.0692 0.0568 0.0253 0.0055 0.0062 0.0084 0.0094 0.0082 0.0105
 0.2673 0.0044 0.1144 0.2544 0.181 0.025 0.0198 0.028 0.0329 0.027 0.0137 0.0047 0.0043 0.0231
 0.2741 0.0041 0.1133 0.2576 0.175 0.0206 0.0166 0.0303 0.0333 0.0301 0.0135 0.0038 0.0037 0.024
 0.001 0.4139 0.4247 0.0126 0.0238 0.0462 0.0335 0.014 0.0037 0.0033 0.0043 0.0033 0.005 0.0107
 0.2411 0.0031 0.1202 0.3042 0.2249 0.023 0.0093 0.016 0.0181 0.0133 0.0066 0.0021 0.0017 0.0164
 0.2342 0.0036 0.127 0.297 0.2303 0.025 0.01 0.0189 0.0177 0.0133 0.0049 0.0024 0.0009 0.0148
 0.4832 0.0036 0.1078 0.1868 0.1471 0.0174 0.0066 0.0104 0.0126 0.0096 0.0038 0.0015 0.0008 0.0088
 0.0013 0.4187 0.43 0.0116 0.0241 0.044 0.039 0.0161 0.0019 0.001 0.0029 0.0027 0.0017 0.005
 0 0.0046 0.1577 0.4044 0.3038 0.0312 0.013 0.0212 0.0228 0.0197 0.0093 0.0019 0.0012 0.0092
 0.0999 0.006 0.1664 0.35 0.2618 0.0245 0.0125 0.0205 0.0204 0.0173 0.0084 0.0037 0.0008 0.0078
 0.0013 0.4289 0.4157 0.0108 0.0257 0.0479 0.0351 0.0164 0.0033 0.0016 0.0025 0.0027 0.0032 0.0049
 0.0757 0.0041 0.1415 0.358 0.2775 0.0333 0.0178 0.0223 0.0256 0.0219 0.0097 0.0032 0.0011 0.0083
 0.084 0.0042 0.1485 0.3614 0.2669 0.0324 0.0134 0.0215 0.0259 0.0199 0.0093 0.0029 0.0017 0.008
 0.0017 0.3312 0.3647 0.0145 0.0444 0.0992 0.0748 0.0302 0.0068 0.005 0.0063 0.0068 0.006 0.0084
 0.002 0.348 0.3615 0.0159 0.0467 0.0879 0.0698 0.0285 0.0079 0.0039 0.0065 0.0067 0.0058 0.0089
 0.1595 0.0031 0.1146 0.2993 0.2274 0.0293 0.024 0.0345 0.041 0.0321 0.0143 0.0034 0.0022 0.0153
 0.2014 0.0046 0.1287 0.2813 0.2006 0.0235 0.0189 0.033 0.0364 0.0326 0.0176 0.0031 0.0022 0.0161
 0.2017 0.0046 0.1281 0.2742 0.2095 0.0236 0.0191 0.0335 0.0381 0.0308 0.016 0.0044 0.0019 0.0145
 0.0015 0.4626 0.4081 0.0098 0.0185 0.0364 0.026 0.01 0.0029 0.0024 0.0035 0.0059 0.0038 0.0086
 0.1532 0.0037 0.136 0.3386 0.2562 0.0244 0.01 0.0159 0.0183 0.0178 0.007 0.0021 0.0021 0.0147
 0.167 0.0047 0.1428 0.3198 0.2489 0.0283 0.0101 0.015 0.0182 0.0145 0.0083 0.0024 0.0022 0.0178
$catch_months
 3 4 5 6 10 11 12 15 16 17 18 22 23 24 27 28 29 30 34 35 36 39 40 41 42 46 47 48 51 52 53 54 58 59 60 63 64 65 66 70 71 72 75 76 77 78 82 83 84 87 88 89 90 94 95 96 99 100 101 102 106 107 108 111 112 113 114 118 119 120 123 124 125 126 130 131 132 135 136 137 138 142 143 144 147 148 149 150 154 155 156
$catch_pred_all
