$likelihoods
3913.55 3566.98 7673.94 96.8001
$recruits
 2.86795e+09 7.18368e+08 1.13935e+08 1.11796e+09 5.03713e+07 1.20554e+09 2.73457e+06 2.35335e+09 1.12262e+08 3.81595e+09 10635.4 2.52263e+09 1.53983e+08 1.20599e+09 9.61217 1.86571e+09 2.77413e+08 1.91235e+09 22.4266 2.47855e+09 6.50703e+07 1.41705e+09 4.80509e+07 1.96372e+09 2.18414e+08 5.69456e+08
$sizes
 55 65 75 85 95 105 115 125 135 145 155 165 175 185
$survey_months
 1 5 8 10 15 16 20 24 25 30 32 35 40 45 48 50 55 56 60 64 65 70 72 75 80 85 88 90 95 96 100 104 105 110 112 115 120 125 128 130 135 136 140 144 145 150 152 155
$survey_pred_all
 77697.2 68885.9 2.57073e+08 2.24761e+08 1.97722e+08 1.73423e+08 1.02045e+09 9.04729e+08 8.66432e+08 7.68174e+08 6.45422e+08 5.38439e+08 4.5277e+08 4.01424e+08 7.52588e+08 6.1409e+08 5.13345e+08 4.26077e+08 4.86132e+08 4.31002e+08 4.82198e+08 4.27514e+08 3.27629e+08 2.63655e+08 2.14902e+08 1.90531e+08 4.62575e+08 3.77791e+08 3.16934e+08 2.63222e+08 3.41887e+08 3.03115e+08 3.76653e+08 3.33938e+08 2.78188e+08 2.20621e+08 1.86124e+08 1.65017e+08 4.54458e+08 3.82381e+08 3.37077e+08 2.80498e+08 3.56494e+08 3.16065e+08 4.9088e+08 4.35211e+08 3.62364e+08 2.9254e+08 2.49235e+08 2.20971e+08 7.9472e+08 6.61385e+08 5.43901e+08 4.52617e+08 6.43602e+08 5.70614e+08 8.47485e+08 7.51376e+08 6.06402e+08 5.02471e+08 4.20931e+08 3.73195e+08 1.29485e+09 1.09418e+09 8.77444e+08 7.28143e+08 9.72381e+08 8.62108e+08 9.90151e+08 8.77863e+08 7.0248e+08 5.48068e+08 4.25565e+08 3.77303e+08 9.89281e+08 8.44723e+08 6.95614e+08 5.72293e+08 7.68527e+08 6.81372e+08 7.12054e+08 6.31303e+08 5.18262e+08 4.13675e+08 3.21638e+08 2.85162e+08 5.7512e+08 4.6138e+08 3.73745e+08 2.984e+08 3.58638e+08 3.17966e+08 4.48914e+08 3.98005e+08 3.24358e+08 2.79194e+08 2.40168e+08 2.12932e+08 6.82146e+08 5.81285e+08 4.82449e+08 4.01801e+08 6.00304e+08 5.32226e+08 6.43051e+08 5.70126e+08 4.56367e+08 3.75247e+08 3.0514e+08 2.70535e+08 7.42933e+08 6.18211e+08 5.12391e+08 4.19386e+08 5.37454e+08 4.76504e+08 6.4433e+08 5.7126e+08 4.51747e+08 3.87173e+08 3.24931e+08 2.88082e+08 8.84516e+08 7.39457e+08 6.11602e+08 5.07824e+08 6.8495e+08 6.07273e+08 6.65251e+08 5.89808e+08 4.89154e+08 3.90948e+08 3.10657e+08 2.75427e+08 6.16273e+08 4.93105e+08 4.11329e+08 3.36581e+08 4.24375e+08 3.76249e+08 5.0936e+08 4.51596e+08 3.70722e+08 3.05859e+08 2.57611e+08 2.28396e+08 7.19008e+08 5.95533e+08 4.94009e+08 4.08294e+08 6.00166e+08 5.32104e+08 5.22735e+08 4.63454e+08 3.75733e+08 3.13057e+08 0 0 0 0 0 0 0 0 0 0 0 0 0 0 0 0 0 0 0 0 0 0 0 0 0 0 0 0 0 0 0 0 0 0 0 0 0 0 0 0 0 0 0 0 0 0 0 0 0 0 0 0 0 0 0 0 0 0 0 0 0 0 0 0 0 0 0 0 0 0 0 0 0 0 0 0 0 0 0 0 0 0 0 0 0 0 0 0 0 0 0 0 0 0 0 0 0 0 0 0
$survey_obs
 57473.4 5.99668e+08 5.94948e+08 4.37672e+08 6.58733e+08 5.86795e+08 4.56694e+08 2.27118e+08 2.10773e+08 3.02385e+08 3.37726e+08 2.0352e+08 4.18422e+08 4.31136e+08 2.59977e+08 3.00916e+08 5.90055e+08 7.03953e+08 3.60781e+08 1.21339e+09 1.10686e+09 7.5493e+08 4.66364e+08 1.00288e+09 7.11136e+08 3.26617e+08 4.77955e+08 3.3104e+08 2.76199e+08 2.49009e+08 6.33837e+08 5.86863e+08 5.27022e+08 3.12155e+08 7.21028e+08 5.31809e+08 2.88945e+08 7.10072e+08 6.44727e+08 4.91233e+08 6.29497e+08 5.66241e+08 4.22309e+08 2.41033e+08 2.23164e+08 5.0644e+08 5.34252e+08 3.69022e+08
$survey_pred_comp
77697.2
1.97722e+08
9.04729e+08
7.68174e+08
7.52588e+08
6.1409e+08
4.31002e+08
2.63655e+08
2.14902e+08
2.63222e+08
3.03115e+08
2.78188e+08
3.82381e+08
4.9088e+08
2.9254e+08
2.20971e+08
6.43602e+08
5.70614e+08
5.02471e+08
1.09418e+09
8.77444e+08
8.77863e+08
5.48068e+08
9.89281e+08
6.81372e+08
3.21638e+08
4.6138e+08
2.984e+08
3.24358e+08
2.79194e+08
5.81285e+08
5.32226e+08
6.43051e+08
2.70535e+08
6.18211e+08
5.37454e+08
3.87173e+08
6.11602e+08
6.07273e+08
5.89808e+08
6.16273e+08
4.93105e+08
3.76249e+08
3.05859e+08
2.57611e+08
4.08294e+08
5.32104e+08
3.75733e+08
$survey_size_comp_pred_all
 0.823823 0.0336742 0.0267659 0.00342107 0.00657348 0.0154776 0.0163479 0.00701847 0.00127724 0.000443735 0.000504229 0.00123758 0.00363165 0.0598038
 0.823823 0.0336742 0.0267659 0.00342107 0.00657348 0.0154776 0.0163479 0.00701847 0.00127724 0.000443735 0.000504229 0.00123758 0.00363165 0.0598038
 0.998636 0.000489708 0.00062056 0.000184895 3.47073e-05 6.10088e-06 1.93711e-06 2.16981e-06 2.71415e-06 2.46885e-06 1.62438e-06 8.18714e-07 3.79662e-07 1.55881e-05
 0.999299 0.000433697 0.000241202 2.03254e-05 2.79307e-06 4.74705e-07 1.50245e-07 1.68242e-07 2.10444e-07 1.91423e-07 1.25947e-07 6.34794e-08 2.94373e-08 1.20864e-06
 0.999449 0.000404287 0.000139893 5.69388e-06 6.53731e-07 1.08971e-07 3.44261e-08 3.85433e-08 4.82106e-08 4.38532e-08 2.88532e-08 1.45425e-08 6.74379e-09 2.76886e-07
 0.999567 0.000366661 6.56051e-05 9.7115e-07 8.68555e-08 1.40927e-08 4.44078e-09 4.97068e-09 6.21727e-09 5.65533e-09 3.72092e-09 1.87541e-09 8.69681e-10 3.57074e-08
 0.00176286 0.372935 0.467324 0.133171 0.0217522 0.00273219 0.000292599 2.80704e-05 2.48317e-06 2.06464e-07 1.64151e-08 1.33974e-09 2.05889e-10 9.11615e-10
 0.00176286 0.372935 0.467324 0.133171 0.0217522 0.00273219 0.000292599 2.80704e-05 2.48317e-06 2.06464e-07 1.64151e-08 1.33974e-09 2.05889e-10 9.11615e-10
 0.075849 0.345257 0.43264 0.123287 0.0201378 0.00252942 0.000270884 2.59871e-05 2.29888e-06 1.91141e-07 1.51968e-08 1.24031e-09 1.90609e-10 8.43958e-10
 0.075849 0.345257 0.43264 0.123287 0.0201378 0.00252942 0.000270884 2.59871e-05 2.29888e-06 1.91141e-07 1.51968e-08 1.24031e-09 1.90609e-10 8.43958e-10
 0.0799635 0.360923 0.427224 0.111558 0.0178329 0.0022347 0.000239268 2.29537e-05 2.03053e-06 1.68829e-07 1.34229e-08 1.09553e-09 1.68359e-10 7.45441e-10
 0.0848884 0.379316 0.41954 0.0987248 0.0153811 0.00192212 0.000205746 1.97373e-05 1.74599e-06 1.45171e-07 1.1542e-08 9.42012e-10 1.44767e-10 6.40984e-10
 0.0894121 0.395863 0.411448 0.0880156 0.0133935 0.00166948 0.000178661 1.71386e-05 1.51611e-06 1.26057e-07 1.00223e-08 8.17982e-10 1.25706e-10 5.56589e-10
 0.0894121 0.395863 0.411448 0.0880156 0.0133935 0.00166948 0.000178661 1.71386e-05 1.51611e-06 1.26057e-07 1.00223e-08 8.17982e-10 1.25706e-10 5.56589e-10
 0.0140517 0.106317 0.296252 0.290628 0.180077 0.0770585 0.0257966 0.00736762 0.00188494 0.000443838 9.7767e-05 2.03821e-05 4.06344e-06 7.85026e-07
 0.0152578 0.114745 0.306921 0.282788 0.172525 0.0737037 0.0246696 0.00704563 0.00180257 0.000424441 9.34942e-05 1.94913e-05 3.88585e-06 7.50717e-07
 0.0161746 0.121107 0.314501 0.276926 0.167068 0.0712858 0.0238575 0.00681365 0.00174321 0.000410465 9.04157e-05 1.88495e-05 3.7579e-06 7.25998e-07
 0.017268 0.128648 0.32299 0.270046 0.160847 0.0685367 0.0229345 0.00654994 0.00167574 0.000394579 8.69163e-05 1.812e-05 3.61245e-06 6.97899e-07
 0.000158642 0.0338405 0.129241 0.197485 0.207587 0.169769 0.119081 0.0726004 0.0387802 0.0184585 0.00799932 0.00323218 0.00125756 0.000510906
 0.000158642 0.0338405 0.129241 0.197485 0.207587 0.169769 0.119081 0.0726004 0.0387802 0.0184585 0.00799932 0.00323218 0.00125756 0.000510906
 0.207662 0.0268174 0.102418 0.156499 0.164505 0.134536 0.0943672 0.0575332 0.0307319 0.0146277 0.00633918 0.00256139 0.00099657 0.000404874
 0.207662 0.0268174 0.102418 0.156499 0.164505 0.134536 0.0943672 0.0575332 0.0307319 0.0146277 0.00633918 0.00256139 0.00099657 0.000404874
 0.239968 0.0306665 0.109129 0.149631 0.153132 0.124874 0.0875657 0.0533852 0.0285161 0.013573 0.00588211 0.00237671 0.000924716 0.000375682
 0.264167 0.033512 0.113496 0.144241 0.144875 0.117901 0.0826604 0.0503937 0.0269181 0.0128124 0.0055525 0.00224353 0.000872897 0.00035463
 0.287134 0.0361835 0.117155 0.138971 0.137225 0.111471 0.0781383 0.047636 0.0254451 0.0121113 0.00524864 0.00212075 0.000825129 0.000335224
 0.287134 0.0361835 0.117155 0.138971 0.137225 0.111471 0.0781383 0.047636 0.0254451 0.0121113 0.00524864 0.00212075 0.000825129 0.000335224
 0.0109876 0.262384 0.340288 0.121981 0.0532512 0.0425679 0.0401741 0.0360481 0.0297188 0.0225804 0.0159582 0.0106945 0.00716207 0.00620403
 0.0119176 0.282373 0.347377 0.114837 0.0491401 0.0391968 0.036985 0.0331859 0.0273591 0.0207874 0.0146911 0.00984532 0.00659339 0.00571142
 0.0125874 0.296611 0.351635 0.10983 0.0463432 0.03691 0.0348222 0.0312448 0.0257588 0.0195715 0.0138317 0.00926944 0.00620772 0.00537735
 0.0134273 0.314279 0.356032 0.103719 0.0430184 0.0341983 0.0322582 0.0289438 0.0238618 0.0181301 0.0128131 0.00858677 0.00575054 0.00498132
 0.000108309 0.0235101 0.214735 0.298378 0.206234 0.0976406 0.04242 0.0228711 0.017066 0.015065 0.0137075 0.0124876 0.0121927 0.0235849
 0.000108309 0.0235101 0.214735 0.298378 0.206234 0.0976406 0.04242 0.0228711 0.017066 0.015065 0.0137075 0.0124876 0.0121927 0.0235849
 0.286581 0.0167744 0.153212 0.212891 0.147147 0.0696662 0.0302665 0.0163184 0.0121765 0.0107488 0.00978026 0.00890984 0.00869943 0.0168277
 0.286581 0.0167744 0.153212 0.212891 0.147147 0.0696662 0.0302665 0.0163184 0.0121765 0.0107488 0.00978026 0.00890984 0.00869943 0.0168277
 0.304826 0.0177486 0.156454 0.205871 0.140394 0.0663724 0.0288315 0.0155446 0.011599 0.0102391 0.00931643 0.00848729 0.00828686 0.0160297
 0.340406 0.0196242 0.161769 0.192065 0.127695 0.0602034 0.026145 0.0140958 0.0105179 0.00928473 0.00844809 0.00769623 0.00751448 0.0145356
 0.357557 0.0205167 0.163873 0.185374 0.121782 0.0573417 0.0248991 0.0134239 0.0100166 0.00884219 0.00804543 0.00732941 0.00715632 0.0138428
 0.357557 0.0205167 0.163873 0.185374 0.121782 0.0573417 0.0248991 0.0134239 0.0100166 0.00884219 0.00804543 0.00732941 0.00715632 0.0138428
 0.00189999 0.288016 0.366659 0.128288 0.0599072 0.0474772 0.0367282 0.0243252 0.0142883 0.00803084 0.00480389 0.00343636 0.00331468 0.012825
 0.00200089 0.301711 0.370628 0.12277 0.0565608 0.0447597 0.0346211 0.0229294 0.0134684 0.00757002 0.00452824 0.00323917 0.00312448 0.0120891
 0.00201228 0.303249 0.371036 0.122156 0.0561933 0.0444616 0.0343901 0.0227763 0.0133785 0.00751948 0.00449801 0.00321755 0.00310362 0.0120084
 0.00214239 0.32071 0.375145 0.115279 0.0521342 0.0411742 0.0318417 0.0210882 0.0123869 0.00696215 0.00416463 0.00297907 0.00287359 0.0111184
 1.76649e-05 0.00436128 0.199144 0.308765 0.222269 0.109178 0.050103 0.0283628 0.0203184 0.0155894 0.0116001 0.00833406 0.00626424 0.0156934
 1.76649e-05 0.00436128 0.199144 0.308765 0.222269 0.109178 0.050103 0.0283628 0.0203184 0.0155894 0.0116001 0.00833406 0.00626424 0.0156934
 0.429153 0.00248966 0.113682 0.176261 0.126884 0.0623248 0.0286016 0.0161911 0.0115989 0.00889933 0.006622 0.00475755 0.00357598 0.00895868
 0.429153 0.00248966 0.113682 0.176261 0.126884 0.0623248 0.0286016 0.0161911 0.0115989 0.00889933 0.006622 0.00475755 0.00357598 0.00895868
 0.456653 0.00263207 0.115042 0.166799 0.1181 0.0579067 0.0265696 0.0150406 0.0107747 0.00826693 0.00615143 0.00441947 0.00332186 0.00832206
 0.50093 0.00285721 0.116372 0.151418 0.104382 0.0510328 0.0234092 0.0132512 0.00949278 0.00728338 0.00541957 0.00389367 0.00292665 0.00733196
 0.521016 0.00295755 0.116622 0.144394 0.0983273 0.0480092 0.0220195 0.0124643 0.00892911 0.0068509 0.00509776 0.00366247 0.00275287 0.00689659
 0.521016 0.00295755 0.116622 0.144394 0.0983273 0.0480092 0.0220195 0.0124643 0.00892911 0.0068509 0.00509776 0.00366247 0.00275287 0.00689659
 0.0141638 0.321353 0.403301 0.125796 0.041951 0.0287005 0.0222746 0.0150895 0.00911137 0.00530123 0.00327162 0.00232305 0.00204346 0.00531926
 0.0150769 0.33952 0.405137 0.11696 0.0382663 0.0261256 0.0202722 0.0137328 0.00829216 0.00482458 0.00297746 0.00211419 0.00185973 0.00484099
 0.0162379 0.362261 0.405853 0.106366 0.0339787 0.0231386 0.0179501 0.0121595 0.00734212 0.00427183 0.00263633 0.00187196 0.00164666 0.00428635
 0.0172842 0.382412 0.405071 0.0974148 0.0304656 0.0206987 0.0160538 0.0108747 0.00656634 0.00382046 0.00235777 0.00167417 0.00147267 0.00383345
 0.000127367 0.0276093 0.24079 0.327333 0.218679 0.0971176 0.0370524 0.0162223 0.00973644 0.00705559 0.00523335 0.00381568 0.00294022 0.00628697
 0.000127367 0.0276093 0.24079 0.327333 0.218679 0.0971176 0.0370524 0.0162223 0.00973644 0.00705559 0.00523335 0.00381568 0.00294022 0.00628697
 0.403129 0.0164813 0.143739 0.195401 0.13054 0.0579741 0.0221183 0.00968383 0.00581214 0.00421181 0.00312403 0.00227776 0.00175515 0.00375299
 0.403129 0.0164813 0.143739 0.195401 0.13054 0.0579741 0.0221183 0.00968383 0.00581214 0.00421181 0.00312403 0.00227776 0.00175515 0.00375299
 0.442376 0.0179053 0.145942 0.178842 0.116455 0.051576 0.0196721 0.00861264 0.00516921 0.00374591 0.00277846 0.0020258 0.001561 0.00333784
 0.472929 0.0189926 0.146843 0.165948 0.10592 0.0468088 0.0178502 0.00781481 0.00469036 0.0033989 0.00252107 0.00183814 0.0014164 0.00302864
 0.500136 0.0199441 0.147041 0.154489 0.0968457 0.0427156 0.0162863 0.00713002 0.00427934 0.00310106 0.00230015 0.00167706 0.00129228 0.00276324
 0.500136 0.0199441 0.147041 0.154489 0.0968457 0.0427156 0.0162863 0.00713002 0.00427934 0.00310106 0.00230015 0.00167706 0.00129228 0.00276324
 0.0015122 0.319767 0.40512 0.132671 0.0488451 0.0328592 0.0239456 0.0152305 0.00850019 0.00439921 0.00230178 0.00136334 0.0010436 0.00244197
 0.00158565 0.333465 0.40714 0.125983 0.045738 0.0307225 0.0223852 0.0142379 0.0079462 0.00411249 0.00215177 0.00127448 0.00097558 0.00228282
 0.00175078 0.363775 0.409438 0.111831 0.0393681 0.0263559 0.0191976 0.01221 0.00681444 0.00352676 0.00184529 0.00109296 0.00083663 0.00195768
 0.00186878 0.385025 0.409339 0.102444 0.035293 0.0235727 0.0171665 0.010918 0.00609335 0.00315356 0.00165003 0.000977305 0.0007481 0.00175052
 1.46609e-05 0.00381284 0.225452 0.340499 0.231785 0.104068 0.0407652 0.018504 0.0111504 0.00783312 0.00555608 0.00383096 0.00271224 0.00401721
 1.46609e-05 0.00381284 0.225452 0.340499 0.231785 0.104068 0.0407652 0.018504 0.0111504 0.00783312 0.00555608 0.00383096 0.00271224 0.00401721
 0.228068 0.0029433 0.174036 0.262846 0.178925 0.0803344 0.0314684 0.014284 0.0086075 0.00604672 0.00428898 0.00295729 0.00209369 0.00310106
 0.228068 0.0029433 0.174036 0.262846 0.178925 0.0803344 0.0314684 0.014284 0.0086075 0.00604672 0.00428898 0.00295729 0.00209369 0.00310106
 0.252467 0.00323224 0.181093 0.251807 0.167948 0.0752398 0.0294666 0.0133751 0.00805977 0.00566195 0.00401606 0.0027691 0.00196046 0.00290373
 0.28657 0.00363044 0.189467 0.236281 0.153412 0.0685287 0.0268309 0.0121785 0.00733865 0.00515536 0.00365673 0.00252134 0.00178505 0.00264392
 0.326792 0.00409171 0.1973 0.217941 0.137329 0.061146 0.023933 0.0108628 0.00654583 0.00459841 0.00326168 0.00224895 0.00159221 0.00235829
 0.326792 0.00409171 0.1973 0.217941 0.137329 0.061146 0.023933 0.0108628 0.00654583 0.00459841 0.00326168 0.00224895 0.00159221 0.00235829
 0.0152399 0.276476 0.347664 0.124117 0.068059 0.0577426 0.044316 0.0285658 0.0160967 0.00845171 0.00451035 0.00271247 0.00206274 0.00398607
 0.0158175 0.285892 0.350624 0.120464 0.0654332 0.0554581 0.0425586 0.0274327 0.0154582 0.00811646 0.00433144 0.00260487 0.00198091 0.00382795
 0.0170158 0.305241 0.3558 0.113074 0.0602481 0.0509574 0.0390971 0.025201 0.0142006 0.00745615 0.00397906 0.00239296 0.00181976 0.00351653
 0.0183209 0.32603 0.36004 0.105321 0.0549803 0.0463992 0.0355923 0.0229415 0.0129274 0.00678762 0.00362229 0.0021784 0.0016566 0.00320123
 0.000142943 0.0308392 0.224622 0.300231 0.204444 0.0972172 0.0451463 0.0271676 0.0203686 0.015773 0.0116024 0.00812963 0.00582872 0.00848716
 0.000142943 0.0308392 0.224622 0.300231 0.204444 0.0972172 0.0451463 0.0271676 0.0203686 0.015773 0.0116024 0.00812963 0.00582872 0.00848716
 0.151729 0.0261637 0.190568 0.254714 0.173449 0.0824783 0.0383018 0.0230488 0.0172806 0.0133817 0.0098434 0.00689711 0.00494504 0.00720044
 0.151729 0.0261637 0.190568 0.254714 0.173449 0.0824783 0.0383018 0.0230488 0.0172806 0.0133817 0.0098434 0.00689711 0.00494504 0.00720044
 0.163765 0.028083 0.197041 0.248689 0.166965 0.0792739 0.0368083 0.0221498 0.0166065 0.0128597 0.00945946 0.00662809 0.00475216 0.00691958
 0.181747 0.0309239 0.205834 0.239617 0.157695 0.0747111 0.0346827 0.0208702 0.0156472 0.0121168 0.00891299 0.00624519 0.00447763 0.00651984
 0.207014 0.0348644 0.216583 0.226802 0.145409 0.0686964 0.031882 0.0191844 0.0143833 0.0111381 0.00819302 0.00574072 0.00411594 0.00599319
 0.207014 0.0348644 0.216583 0.226802 0.145409 0.0686964 0.031882 0.0191844 0.0143833 0.0111381 0.00819302 0.00574072 0.00411594 0.00599319
 0.00107629 0.227732 0.298741 0.130592 0.0905223 0.0791468 0.0608581 0.0399841 0.0236937 0.0138128 0.00875133 0.00644831 0.00582193 0.0128192
 0.00118838 0.24934 0.30902 0.123814 0.083997 0.073271 0.0563276 0.0370068 0.0219294 0.0127842 0.00809967 0.00596815 0.0053884 0.0118647
 0.00129953 0.270499 0.317712 0.117231 0.0779296 0.0678292 0.0521333 0.0342505 0.0202961 0.011832 0.00749639 0.00552362 0.00498706 0.010981
 0.00144154 0.297151 0.326837 0.109046 0.0707084 0.0613789 0.0471636 0.0309848 0.0183608 0.0107039 0.0067816 0.00499694 0.00451154 0.00993392
 1.25652e-05 0.00326784 0.193236 0.294309 0.206232 0.102815 0.0535111 0.0363534 0.0288204 0.0227548 0.0170114 0.0122808 0.00940769 0.0199876
 1.25652e-05 0.00326784 0.193236 0.294309 0.206232 0.102815 0.0535111 0.0363534 0.0288204 0.0227548 0.0170114 0.0122808 0.00940769 0.0199876
 0.372032 0.00205213 0.121347 0.184819 0.129509 0.0645656 0.0336037 0.0228291 0.0180985 0.0142895 0.0106828 0.00771206 0.0059078 0.0125517
 0.372032 0.00205213 0.121347 0.184819 0.129509 0.0645656 0.0336037 0.0228291 0.0180985 0.0142895 0.0106828 0.00771206 0.0059078 0.0125517
 0.404388 0.00221312 0.124104 0.174245 0.11967 0.0595311 0.030977 0.0210442 0.0166835 0.0131722 0.00984754 0.00710909 0.0054459 0.0115704
 0.416393 0.00227225 0.124962 0.170287 0.116092 0.0577054 0.0300247 0.0203971 0.0161705 0.0127672 0.00954474 0.00689049 0.00527844 0.0112146
 0.42902 0.00233408 0.12577 0.166108 0.112371 0.055809 0.0290358 0.0197251 0.0156377 0.0123466 0.00923028 0.00666347 0.00510454 0.0108451
 0.42902 0.00233408 0.12577 0.166108 0.112371 0.055809 0.0290358 0.0197251 0.0156377 0.0123466 0.00923028 0.00666347 0.00510454 0.0108451
 0.0378074 0.297065 0.3728 0.119232 0.0459493 0.0356308 0.0284692 0.0194912 0.012139 0.00762002 0.00528051 0.00419568 0.00397394 0.0103455
 0.0393171 0.30756 0.374593 0.114432 0.0436029 0.0337699 0.0269793 0.0184709 0.0115036 0.00722112 0.00500409 0.00397604 0.00376591 0.00980395
 0.0419644 0.325758 0.37674 0.106304 0.0397193 0.0306971 0.0245194 0.0167865 0.0104545 0.0065626 0.00454774 0.00361345 0.00342248 0.00890988
 0.044636 0.343858 0.377693 0.0984725 0.0360817 0.027827 0.0222225 0.0152137 0.00947498 0.0059477 0.00412163 0.00327488 0.00310181 0.00807505
 0.000312976 0.0667778 0.259692 0.296413 0.192323 0.0864287 0.0347432 0.0169924 0.0113594 0.00868476 0.00660028 0.00492998 0.00399299 0.0107501
 0.000312976 0.0667778 0.259692 0.296413 0.192323 0.0864287 0.0347432 0.0169924 0.0113594 0.00868476 0.00660028 0.00492998 0.00399299 0.0107501
 0.266433 0.0490014 0.190561 0.217507 0.141126 0.0634211 0.0254944 0.012469 0.00833549 0.00637285 0.00484326 0.0036176 0.00293004 0.0078884
 0.266433 0.0490014 0.190561 0.217507 0.141126 0.0634211 0.0254944 0.012469 0.00833549 0.00637285 0.00484326 0.0036176 0.00293004 0.0078884
 0.294801 0.0537152 0.196157 0.203304 0.128805 0.0577353 0.0232032 0.0113481 0.00758616 0.00579995 0.00440787 0.00329239 0.00266664 0.00717927
 0.317618 0.0574515 0.199716 0.19193 0.119351 0.0533902 0.0214528 0.0104919 0.00701376 0.00536232 0.00407528 0.00304397 0.00246543 0.00663756
 0.345962 0.0620224 0.203015 0.177904 0.108137 0.0482546 0.0193847 0.00948022 0.00633747 0.00484527 0.00368233 0.00275046 0.00222771 0.00599755
 0.345962 0.0620224 0.203015 0.177904 0.108137 0.0482546 0.0193847 0.00948022 0.00633747 0.00484527 0.00368233 0.00275046 0.00222771 0.00599755
 0.00132098 0.279511 0.367688 0.142945 0.0701626 0.0495716 0.0349016 0.0218149 0.0122253 0.00650699 0.00361353 0.00233308 0.00194611 0.00546007
 0.00140648 0.295718 0.372693 0.135677 0.0655234 0.0462128 0.0325314 0.0203331 0.0113949 0.00606499 0.00336807 0.0021746 0.00181392 0.00508919
 0.00150336 0.313874 0.377283 0.127728 0.0605885 0.0426496 0.0300175 0.0187615 0.0105142 0.00559622 0.00310775 0.00200652 0.00167372 0.00469583
 0.00162691 0.336716 0.38159 0.11803 0.0547531 0.0384492 0.0270551 0.0169096 0.00947629 0.0050438 0.00280097 0.00180845 0.0015085 0.0042323
 1.33024e-05 0.00346348 0.205798 0.317315 0.225284 0.109882 0.0503416 0.0275974 0.0184723 0.0132575 0.00936179 0.00643832 0.00461043 0.00816545
 1.33024e-05 0.00346348 0.205798 0.317315 0.225284 0.109882 0.0503416 0.0275974 0.0184723 0.0132575 0.00936179 0.00643832 0.00461043 0.00816545
 0.344343 0.00227088 0.134935 0.208052 0.147711 0.0720459 0.0330073 0.0180946 0.0121117 0.00869251 0.00613821 0.00422139 0.0030229 0.00535381
 0.344343 0.00227088 0.134935 0.208052 0.147711 0.0720459 0.0330073 0.0180946 0.0121117 0.00869251 0.00613821 0.00422139 0.0030229 0.00535381
 0.38562 0.00251664 0.139354 0.192838 0.133301 0.06483 0.0296932 0.0162775 0.0108953 0.00781953 0.00552176 0.00379744 0.00271932 0.00481613
 0.398768 0.00259395 0.1405 0.187954 0.128843 0.0626055 0.0286719 0.0157175 0.0105205 0.00755052 0.00533179 0.0036668 0.00262576 0.00465044
 0.421018 0.00272366 0.142156 0.179658 0.121439 0.0589185 0.0269795 0.0147895 0.00989933 0.00710472 0.00501699 0.0034503 0.00247073 0.00437587
 0.421018 0.00272366 0.142156 0.179658 0.121439 0.0589185 0.0269795 0.0147895 0.00989933 0.00710472 0.00501699 0.0034503 0.00247073 0.00437587
 0.00802301 0.304175 0.381834 0.124159 0.0510228 0.0403851 0.0321581 0.021798 0.0131246 0.00758563 0.00458854 0.00312601 0.00259013 0.00542975
 0.00850265 0.320313 0.385193 0.117269 0.0474141 0.0374629 0.0298262 0.0202171 0.0121727 0.00703546 0.00425574 0.00289929 0.00240227 0.00503594
 0.0091065 0.340375 0.388184 0.108952 0.0431755 0.03404 0.0270955 0.0183658 0.011058 0.00639119 0.00386603 0.00263379 0.00218229 0.00457478
 0.00971547 0.360319 0.389898 0.100962 0.0392213 0.0308561 0.0245561 0.0166442 0.0100215 0.00579209 0.00350363 0.0023869 0.00197772 0.00414595
 7.54721e-05 0.016626 0.225532 0.322635 0.219762 0.100284 0.0411935 0.0208705 0.0142927 0.0109838 0.00829257 0.00606591 0.00465574 0.00873158
 7.54721e-05 0.016626 0.225532 0.322635 0.219762 0.100284 0.0411935 0.0208705 0.0142927 0.0109838 0.00829257 0.00606591 0.00465574 0.00873158
 0.190735 0.0134559 0.182529 0.261117 0.177859 0.0811624 0.033339 0.0168911 0.0115675 0.00888949 0.0067114 0.0049093 0.00376802 0.0070667
 0.190735 0.0134559 0.182529 0.261117 0.177859 0.0811624 0.033339 0.0168911 0.0115675 0.00888949 0.0067114 0.0049093 0.00376802 0.0070667
 0.203791 0.0143056 0.187648 0.25497 0.171478 0.0781431 0.0320946 0.0162604 0.0111355 0.00855756 0.0064608 0.00472599 0.00362732 0.00680283
 0.22587 0.015729 0.195479 0.244508 0.161114 0.0732585 0.0300821 0.0152405 0.0104371 0.0080208 0.00605555 0.00442955 0.0033998 0.00637613
 0.251769 0.0173779 0.203443 0.232186 0.149571 0.0678437 0.0278522 0.0141104 0.00966316 0.00742605 0.00560653 0.0041011 0.0031477 0.00590334
 0.251769 0.0173779 0.203443 0.232186 0.149571 0.0678437 0.0278522 0.0141104 0.00966316 0.00742605 0.00560653 0.0041011 0.0031477 0.00590334
 0.00815929 0.249619 0.31881 0.12491 0.0795872 0.0712585 0.0557852 0.0364726 0.0209155 0.0113472 0.00644908 0.00426845 0.00362115 0.00879656
 0.00903172 0.273747 0.328333 0.116824 0.0726846 0.0649111 0.0508038 0.0332149 0.0190474 0.0103337 0.00587305 0.0038872 0.00329771 0.00801086
 0.00959339 0.289092 0.333458 0.11175 0.068507 0.0610827 0.0478001 0.0312507 0.017921 0.00972257 0.00552573 0.00365732 0.00310269 0.00753712
 0.0103854 0.310481 0.339443 0.104781 0.0629446 0.0560002 0.0438138 0.028644 0.0164261 0.00891156 0.0050648 0.00335224 0.00284388 0.0069084
 8.62821e-05 0.0188597 0.211843 0.297511 0.203413 0.0979625 0.0480664 0.0313676 0.0247769 0.0196674 0.0146796 0.01043 0.00765204 0.0136846
 8.62821e-05 0.0188597 0.211843 0.297511 0.203413 0.0979625 0.0480664 0.0313676 0.0247769 0.0196674 0.0146796 0.01043 0.00765204 0.0136846
 0.345156 0.0123513 0.138736 0.19484 0.133215 0.0641557 0.0314787 0.0205427 0.0162264 0.0128802 0.00961366 0.00683063 0.00501132 0.00896205
 0.345156 0.0123513 0.138736 0.19484 0.133215 0.0641557 0.0314787 0.0205427 0.0162264 0.0128802 0.00961366 0.00683063 0.00501132 0.00896205
 0.372484 0.0132349 0.141716 0.184945 0.124179 0.0596868 0.0292806 0.0191078 0.015093 0.0119805 0.00894216 0.00635352 0.00466129 0.00833607
 0.399971 0.0141122 0.144123 0.174916 0.115358 0.05534 0.0271432 0.0177127 0.013991 0.0111058 0.00828926 0.00588962 0.00432095 0.00772742
 0.420786 0.0147685 0.145559 0.167285 0.10885 0.0521422 0.0255712 0.0166867 0.0131806 0.0104624 0.00780908 0.00554845 0.00407065 0.00727978
 0.420786 0.0147685 0.145559 0.167285 0.10885 0.0521422 0.0255712 0.0166867 0.0131806 0.0104624 0.00780908 0.00554845 0.00407065 0.00727978
 0.0285933 0.296512 0.375169 0.124691 0.0506321 0.0377363 0.0288851 0.0191841 0.011578 0.00699584 0.00467726 0.00364006 0.00342535 0.00827979
 0.0305816 0.314743 0.378444 0.116322 0.0463305 0.0344584 0.0263708 0.0175139 0.01057 0.00638676 0.00427004 0.00332314 0.00312713 0.00755893
 0.032658 0.333517 0.380586 0.107965 0.0421587 0.0312886 0.0239402 0.0158993 0.00959551 0.00579795 0.00387638 0.00301678 0.00283883 0.00686206
 0.0350001 0.354367 0.381543 0.0990059 0.0378185 0.0280008 0.0214197 0.0142251 0.00858508 0.00518742 0.00346819 0.0026991 0.0025399 0.00613947
 0.00024948 0.0533731 0.251589 0.304402 0.199851 0.0903508 0.0368153 0.0181601 0.0119464 0.00889349 0.00658932 0.00479791 0.0037646 0.00921748
 0.00024948 0.0533731 0.251589 0.304402 0.199851 0.0903508 0.0368153 0.0181601 0.0119464 0.00889349 0.00658932 0.00479791 0.0037646 0.00921748
 0.0977398 0.0481685 0.227055 0.274718 0.180363 0.0815403 0.0332253 0.0163892 0.0107815 0.00802624 0.00594676 0.00433004 0.0033975 0.00831864
 0.0977398 0.0481685 0.227055 0.274718 0.180363 0.0815403 0.0332253 0.0163892 0.0107815 0.00802624 0.00594676 0.00433004 0.0033975 0.00831864
 0.106813 0.052305 0.23617 0.2675 0.172786 0.0779773 0.0317681 0.0156702 0.0103085 0.00767411 0.00568586 0.00414007 0.00324844 0.00795368
 0.113603 0.0553784 0.242517 0.262105 0.167351 0.0754304 0.0307269 0.0151564 0.00997048 0.00742249 0.00549943 0.00400432 0.00314193 0.00769289
$survey_size_comp_pred_comp
 0.823823 0.0336742 0.0267659 0.00342107 0.00657348 0.0154776 0.0163479 0.00701847 0.00127724 0.000443735 0.000504229 0.00123758 0.00363165 0.0598038
 0.999449 0.000404287 0.000139893 5.69388e-06 6.53731e-07 1.08971e-07 3.44261e-08 3.85433e-08 4.82106e-08 4.38532e-08 2.88532e-08 1.45425e-08 6.74379e-09 2.76886e-07
 0.00176286 0.372935 0.467324 0.133171 0.0217522 0.00273219 0.000292599 2.80704e-05 2.48317e-06 2.06464e-07 1.64151e-08 1.33974e-09 2.05889e-10 9.11615e-10
 0.075849 0.345257 0.43264 0.123287 0.0201378 0.00252942 0.000270884 2.59871e-05 2.29888e-06 1.91141e-07 1.51968e-08 1.24031e-09 1.90609e-10 8.43958e-10
 0.0140517 0.106317 0.296252 0.290628 0.180077 0.0770585 0.0257966 0.00736762 0.00188494 0.000443838 9.7767e-05 2.03821e-05 4.06344e-06 7.85026e-07
 0.0152578 0.114745 0.306921 0.282788 0.172525 0.0737037 0.0246696 0.00704563 0.00180257 0.000424441 9.34942e-05 1.94913e-05 3.88585e-06 7.50717e-07
 0.000158642 0.0338405 0.129241 0.197485 0.207587 0.169769 0.119081 0.0726004 0.0387802 0.0184585 0.00799932 0.00323218 0.00125756 0.000510906
 0.264167 0.033512 0.113496 0.144241 0.144875 0.117901 0.0826604 0.0503937 0.0269181 0.0128124 0.0055525 0.00224353 0.000872897 0.00035463
 0.287134 0.0361835 0.117155 0.138971 0.137225 0.111471 0.0781383 0.047636 0.0254451 0.0121113 0.00524864 0.00212075 0.000825129 0.000335224
 0.0134273 0.314279 0.356032 0.103719 0.0430184 0.0341983 0.0322582 0.0289438 0.0238618 0.0181301 0.0128131 0.00858677 0.00575054 0.00498132
 0.000108309 0.0235101 0.214735 0.298378 0.206234 0.0976406 0.04242 0.0228711 0.017066 0.015065 0.0137075 0.0124876 0.0121927 0.0235849
 0.304826 0.0177486 0.156454 0.205871 0.140394 0.0663724 0.0288315 0.0155446 0.011599 0.0102391 0.00931643 0.00848729 0.00828686 0.0160297
 0.00200089 0.301711 0.370628 0.12277 0.0565608 0.0447597 0.0346211 0.0229294 0.0134684 0.00757002 0.00452824 0.00323917 0.00312448 0.0120891
 0.429153 0.00248966 0.113682 0.176261 0.126884 0.0623248 0.0286016 0.0161911 0.0115989 0.00889933 0.006622 0.00475755 0.00357598 0.00895868
 0.50093 0.00285721 0.116372 0.151418 0.104382 0.0510328 0.0234092 0.0132512 0.00949278 0.00728338 0.00541957 0.00389367 0.00292665 0.00733196
 0.521016 0.00295755 0.116622 0.144394 0.0983273 0.0480092 0.0220195 0.0124643 0.00892911 0.0068509 0.00509776 0.00366247 0.00275287 0.00689659
 0.000127367 0.0276093 0.24079 0.327333 0.218679 0.0971176 0.0370524 0.0162223 0.00973644 0.00705559 0.00523335 0.00381568 0.00294022 0.00628697
 0.000127367 0.0276093 0.24079 0.327333 0.218679 0.0971176 0.0370524 0.0162223 0.00973644 0.00705559 0.00523335 0.00381568 0.00294022 0.00628697
 0.472929 0.0189926 0.146843 0.165948 0.10592 0.0468088 0.0178502 0.00781481 0.00469036 0.0033989 0.00252107 0.00183814 0.0014164 0.00302864
 0.00158565 0.333465 0.40714 0.125983 0.045738 0.0307225 0.0223852 0.0142379 0.0079462 0.00411249 0.00215177 0.00127448 0.00097558 0.00228282
 0.00175078 0.363775 0.409438 0.111831 0.0393681 0.0263559 0.0191976 0.01221 0.00681444 0.00352676 0.00184529 0.00109296 0.00083663 0.00195768
 0.228068 0.0029433 0.174036 0.262846 0.178925 0.0803344 0.0314684 0.014284 0.0086075 0.00604672 0.00428898 0.00295729 0.00209369 0.00310106
 0.28657 0.00363044 0.189467 0.236281 0.153412 0.0685287 0.0268309 0.0121785 0.00733865 0.00515536 0.00365673 0.00252134 0.00178505 0.00264392
 0.0152399 0.276476 0.347664 0.124117 0.068059 0.0577426 0.044316 0.0285658 0.0160967 0.00845171 0.00451035 0.00271247 0.00206274 0.00398607
 0.000142943 0.0308392 0.224622 0.300231 0.204444 0.0972172 0.0451463 0.0271676 0.0203686 0.015773 0.0116024 0.00812963 0.00582872 0.00848716
 0.207014 0.0348644 0.216583 0.226802 0.145409 0.0686964 0.031882 0.0191844 0.0143833 0.0111381 0.00819302 0.00574072 0.00411594 0.00599319
 0.00118838 0.24934 0.30902 0.123814 0.083997 0.073271 0.0563276 0.0370068 0.0219294 0.0127842 0.00809967 0.00596815 0.0053884 0.0118647
 0.00144154 0.297151 0.326837 0.109046 0.0707084 0.0613789 0.0471636 0.0309848 0.0183608 0.0107039 0.0067816 0.00499694 0.00451154 0.00993392
 0.404388 0.00221312 0.124104 0.174245 0.11967 0.0595311 0.030977 0.0210442 0.0166835 0.0131722 0.00984754 0.00710909 0.0054459 0.0115704
 0.416393 0.00227225 0.124962 0.170287 0.116092 0.0577054 0.0300247 0.0203971 0.0161705 0.0127672 0.00954474 0.00689049 0.00527844 0.0112146
 0.0393171 0.30756 0.374593 0.114432 0.0436029 0.0337699 0.0269793 0.0184709 0.0115036 0.00722112 0.00500409 0.00397604 0.00376591 0.00980395
 0.000312976 0.0667778 0.259692 0.296413 0.192323 0.0864287 0.0347432 0.0169924 0.0113594 0.00868476 0.00660028 0.00492998 0.00399299 0.0107501
 0.266433 0.0490014 0.190561 0.217507 0.141126 0.0634211 0.0254944 0.012469 0.00833549 0.00637285 0.00484326 0.0036176 0.00293004 0.0078884
 0.345962 0.0620224 0.203015 0.177904 0.108137 0.0482546 0.0193847 0.00948022 0.00633747 0.00484527 0.00368233 0.00275046 0.00222771 0.00599755
 0.00140648 0.295718 0.372693 0.135677 0.0655234 0.0462128 0.0325314 0.0203331 0.0113949 0.00606499 0.00336807 0.0021746 0.00181392 0.00508919
 1.33024e-05 0.00346348 0.205798 0.317315 0.225284 0.109882 0.0503416 0.0275974 0.0184723 0.0132575 0.00936179 0.00643832 0.00461043 0.00816545
 0.398768 0.00259395 0.1405 0.187954 0.128843 0.0626055 0.0286719 0.0157175 0.0105205 0.00755052 0.00533179 0.0036668 0.00262576 0.00465044
 0.0091065 0.340375 0.388184 0.108952 0.0431755 0.03404 0.0270955 0.0183658 0.011058 0.00639119 0.00386603 0.00263379 0.00218229 0.00457478
 7.54721e-05 0.016626 0.225532 0.322635 0.219762 0.100284 0.0411935 0.0208705 0.0142927 0.0109838 0.00829257 0.00606591 0.00465574 0.00873158
 0.190735 0.0134559 0.182529 0.261117 0.177859 0.0811624 0.033339 0.0168911 0.0115675 0.00888949 0.0067114 0.0049093 0.00376802 0.0070667
 0.00815929 0.249619 0.31881 0.12491 0.0795872 0.0712585 0.0557852 0.0364726 0.0209155 0.0113472 0.00644908 0.00426845 0.00362115 0.00879656
 0.00903172 0.273747 0.328333 0.116824 0.0726846 0.0649111 0.0508038 0.0332149 0.0190474 0.0103337 0.00587305 0.0038872 0.00329771 0.00801086
 8.62821e-05 0.0188597 0.211843 0.297511 0.203413 0.0979625 0.0480664 0.0313676 0.0247769 0.0196674 0.0146796 0.01043 0.00765204 0.0136846
 0.399971 0.0141122 0.144123 0.174916 0.115358 0.05534 0.0271432 0.0177127 0.013991 0.0111058 0.00828926 0.00588962 0.00432095 0.00772742
 0.420786 0.0147685 0.145559 0.167285 0.10885 0.0521422 0.0255712 0.0166867 0.0131806 0.0104624 0.00780908 0.00554845 0.00407065 0.00727978
 0.0350001 0.354367 0.381543 0.0990059 0.0378185 0.0280008 0.0214197 0.0142251 0.00858508 0.00518742 0.00346819 0.0026991 0.0025399 0.00613947
 0.00024948 0.0533731 0.251589 0.304402 0.199851 0.0903508 0.0368153 0.0181601 0.0119464 0.00889349 0.00658932 0.00479791 0.0037646 0.00921748
 0.106813 0.052305 0.23617 0.2675 0.172786 0.0779773 0.0317681 0.0156702 0.0103085 0.00767411 0.00568586 0.00414007 0.00324844 0.00795368
$survey_size_comp_obs
 0.0007 0.1363 0.1718 0.0116 0.0417 0.0944 0.0986 0.0442 0.0064 0.0014 0.0028 0.0103 0.0175 0.3623
 0.0014 0.4984 0.492 0.0082 0 0 0 0 0 0 0 0 0 0
 0.1473 0.0045 0.1513 0.3775 0.2893 0.0291 0.001 0 0 0 0 0 0 0
 0.158 0.0048 0.1584 0.373 0.2779 0.0272 0.0007 0 0 0 0 0 0 0
 0.0015 0.3615 0.4115 0.0132 0.0434 0.0778 0.0627 0.0251 0.0033 0 0 0 0 0
 0.0023 0.3799 0.3982 0.0148 0.0396 0.073 0.0624 0.0253 0.0041 0.0003 0 0 0 0.0001
 0.1233 0.0042 0.1284 0.3261 0.2556 0.0319 0.0203 0.0317 0.0336 0.0292 0.0126 0.0025 0.0006 0
 0.1673 0.0053 0.1523 0.2979 0.2275 0.0281 0.017 0.0276 0.0347 0.0265 0.0128 0.0027 0.0002 0.0001
 0.1673 0.0057 0.1532 0.3063 0.221 0.0256 0.0182 0.0299 0.0344 0.0255 0.0105 0.0023 0.0001 0
 0.0026 0.4096 0.3702 0.0112 0.0364 0.0624 0.0533 0.0206 0.0055 0.0049 0.0069 0.0062 0.0056 0.0046
 0.1635 0.0044 0.1192 0.2964 0.2299 0.0266 0.0208 0.0315 0.0351 0.0304 0.0139 0.0034 0.0042 0.0207
 0.2023 0.0051 0.1302 0.2721 0.2184 0.0268 0.0175 0.0314 0.0331 0.0271 0.0112 0.0042 0.0026 0.018
 0.0022 0.3578 0.4181 0.0139 0.0304 0.065 0.0528 0.018 0.0046 0.0041 0.0068 0.0083 0.0062 0.0118
 0.3891 0.0017 0.0832 0.2189 0.189 0.0203 0.0123 0.0201 0.0195 0.0188 0.0072 0.0025 0.0013 0.0161
 0.4912 0.0033 0.0913 0.1746 0.1447 0.0153 0.0104 0.0154 0.0159 0.0152 0.0058 0.0022 0.0013 0.0134
 0.6134 0.0033 0.0634 0.1322 0.1126 0.0132 0.0081 0.0114 0.0126 0.0122 0.0054 0.0011 0.0004 0.0107
 0 0.0053 0.1652 0.4347 0.3054 0.0318 0.0058 0.0116 0.0128 0.0104 0.0071 0.0014 0.0011 0.0074
 0.2024 0.0045 0.1387 0.3368 0.2458 0.0243 0.0066 0.008 0.0112 0.0092 0.0031 0.0014 0.0006 0.0074
 0.2723 0.0057 0.1502 0.2954 0.212 0.025 0.006 0.0055 0.0094 0.0066 0.0038 0.0009 0.0006 0.0066
 0.0024 0.4497 0.4468 0.0096 0.016 0.031 0.0262 0.0106 0.0018 0.0006 0.0013 0.0006 0.0008 0.0026
 0.002 0.4737 0.4353 0.0091 0.0158 0.0264 0.022 0.0084 0.0019 0.0004 0.0011 0.0007 0.0013 0.0019
 0.1093 0.0049 0.1553 0.3794 0.2646 0.0271 0.0089 0.0125 0.0138 0.0136 0.0056 0.0014 0.0008 0.0028
 0.1633 0.0071 0.1782 0.3345 0.2334 0.0258 0.0092 0.012 0.0154 0.0121 0.0052 0.0012 0.0003 0.0023
 0.0013 0.329 0.3868 0.0162 0.0521 0.0918 0.0712 0.0298 0.0051 0.0026 0.003 0.0035 0.0034 0.0042
 0.1136 0.0043 0.1184 0.3218 0.2516 0.0307 0.0232 0.0374 0.041 0.0294 0.0147 0.0027 0.0007 0.0105
 0.1674 0.005 0.1354 0.2855 0.2243 0.0294 0.0209 0.034 0.0422 0.0295 0.0136 0.0024 0.0014 0.009
 0.0016 0.3537 0.343 0.0129 0.0455 0.0856 0.0673 0.0308 0.0075 0.0083 0.0109 0.0122 0.0097 0.011
 0.0021 0.4119 0.3403 0.0106 0.0356 0.0692 0.0568 0.0253 0.0055 0.0062 0.0084 0.0094 0.0082 0.0105
 0.2673 0.0044 0.1144 0.2544 0.181 0.025 0.0198 0.028 0.0329 0.027 0.0137 0.0047 0.0043 0.0231
 0.2741 0.0041 0.1133 0.2576 0.175 0.0206 0.0166 0.0303 0.0333 0.0301 0.0135 0.0038 0.0037 0.024
 0.001 0.4139 0.4247 0.0126 0.0238 0.0462 0.0335 0.014 0.0037 0.0033 0.0043 0.0033 0.005 0.0107
 0.2411 0.0031 0.1202 0.3042 0.2249 0.023 0.0093 0.016 0.0181 0.0133 0.0066 0.0021 0.0017 0.0164
 0.2342 0.0036 0.127 0.297 0.2303 0.025 0.01 0.0189 0.0177 0.0133 0.0049 0.0024 0.0009 0.0148
 0.4832 0.0036 0.1078 0.1868 0.1471 0.0174 0.0066 0.0104 0.0126 0.0096 0.0038 0.0015 0.0008 0.0088
 0.0013 0.4187 0.43 0.0116 0.0241 0.044 0.039 0.0161 0.0019 0.001 0.0029 0.0027 0.0017 0.005
 0 0.0046 0.1577 0.4044 0.3038 0.0312 0.013 0.0212 0.0228 0.0197 0.0093 0.0019 0.0012 0.0092
 0.0999 0.006 0.1664 0.35 0.2618 0.0245 0.0125 0.0205 0.0204 0.0173 0.0084 0.0037 0.0008 0.0078
 0.0013 0.4289 0.4157 0.0108 0.0257 0.0479 0.0351 0.0164 0.0033 0.0016 0.0025 0.0027 0.0032 0.0049
 0.0757 0.0041 0.1415 0.358 0.2775 0.0333 0.0178 0.0223 0.0256 0.0219 0.0097 0.0032 0.0011 0.0083
 0.084 0.0042 0.1485 0.3614 0.2669 0.0324 0.0134 0.0215 0.0259 0.0199 0.0093 0.0029 0.0017 0.008
 0.0017 0.3312 0.3647 0.0145 0.0444 0.0992 0.0748 0.0302 0.0068 0.005 0.0063 0.0068 0.006 0.0084
 0.002 0.348 0.3615 0.0159 0.0467 0.0879 0.0698 0.0285 0.0079 0.0039 0.0065 0.0067 0.0058 0.0089
 0.1595 0.0031 0.1146 0.2993 0.2274 0.0293 0.024 0.0345 0.041 0.0321 0.0143 0.0034 0.0022 0.0153
 0.2014 0.0046 0.1287 0.2813 0.2006 0.0235 0.0189 0.033 0.0364 0.0326 0.0176 0.0031 0.0022 0.0161
 0.2017 0.0046 0.1281 0.2742 0.2095 0.0236 0.0191 0.0335 0.0381 0.0308 0.016 0.0044 0.0019 0.0145
 0.0015 0.4626 0.4081 0.0098 0.0185 0.0364 0.026 0.01 0.0029 0.0024 0.0035 0.0059 0.0038 0.0086
 0.1532 0.0037 0.136 0.3386 0.2562 0.0244 0.01 0.0159 0.0183 0.0178 0.007 0.0021 0.0021 0.0147
 0.167 0.0047 0.1428 0.3198 0.2489 0.0283 0.0101 0.015 0.0182 0.0145 0.0083 0.0024 0.0022 0.0178
$catch_months
 3 4 5 6 10 11 12 15 16 17 18 22 23 24 27 28 29 30 34 35 36 39 40 41 42 46 47 48 51 52 53 54 58 59 60 63 64 65 66 70 71 72 75 76 77 78 82 83 84 87 88 89 90 94 95 96 99 100 101 102 106 107 108 111 112 113 114 118 119 120 123 124 125 126 130 131 132 135 136 137 138 142 143 144 147 148 149 150 154 155 156
$catch_pred_all
 0 0 3.37663e+07 1.70172e+07 2.07589e+07 1.77216e+07 0 0 0 4.36683e+07 4.18795e+07 3.08755e+07 0 0 5.65174e+07 3.31692e+07 3.10641e+07 1.65755e+07 0 0 0 5.35012e+07 2.80588e+07 1.98149e+07 0 0 3.56881e+07 2.0027e+07 1.98882e+07 1.78384e+07 0 0 0 1.89979e+07 2.7808e+07 1.01941e+07 0 0 2.2955e+07 2.17505e+06 2.06578e+07 1.37728e+07 0 0 0 2.54053e+07 3.13709e+07 1.11707e+07 0 0 4.97928e+07 4.94494e+07 3.48451e+07 2.15468e+07 0 0 0 6.51776e+07 3.87558e+07 2.73352e+07 0 0 6.16727e+07 1.07227e+08 5.83626e+07 4.37236e+07 0 0 0 8.00929e+07 7.94114e+07 6.46322e+07 0 0 3.59519e+07 5.95716e+07 5.0086e+07 3.56164e+07 0 0 0 4.35172e+07 4.82695e+07 4.77934e+07 0 0 5.24723e+07 3.84692e+07 3.62125e+07 2.39856e+07 0 0 0 3.04976e+07 9.00884e+06 7.94142e+06 0 0 2.6706e+07 3.76715e+07 2.99688e+07 2.69363e+07 0 0 0 5.28715e+07 3.18585e+07 3.01351e+07 0 0 4.51781e+07 4.01487e+07 3.95781e+07 2.30073e+07 0 0 0 5.85174e+07 1.4357e+07 1.98111e+07 0 0 5.06608e+07 5.02163e+07 3.9658e+07 2.82388e+07 0 0 0 3.55407e+07 4.51428e+07 3.81818e+07 0 0 5.83147e+07 2.85132e+07 3.12129e+07 2.8126e+07 0 0 0 3.17543e+07 2.4592e+07 1.47063e+07 0 0 4.76198e+07 3.89472e+07 3.43724e+07 2.222e+07 0 0 0 3.70242e+07 2.11875e+07 3.70979e+07 0 0 0 0 0 0 0 0 0 0 0 0 0 0 0 0 0 0 0 0 0 0 0 0 0 0 0 0 0 0 0 0 0 0 0 0 0 0 0 0 0 0 0 0 0 0 0 0 0 0 0 0 0 0 0 0 0 0 0 0 0 0 0 0 0 0 0 0 0 0 0 0 0 0 0 0 0 0 0 0 0 0 0 0 0 0 0 0 0 0 0 0 0 0 0 0 0 0 0 0
$cat_obs
