$likelihoods
$recruits
 2.60676e+08 7.02875e+08 1.02464e+09 4.13431e+08 2.60208e+08 5.19195e+08 7.82395e+08 4.64281e+08 2.40111e+08 5.02371e+08 8.83348e+08 3.5016e+08 6.27159e+08 6.36395e+08 4.35506e+08 7.31509e+08 5.75005e+08 1.0542e+09 1.22704e+09 2.69398e+08 5.31604e+08 1.17783e+09 6.25912e+08 5.33916e+08 2.57856e+08 3.70391e+08
$sizes
 55 65 75 85 95 105 115 125 135 145 155 165 175 185
$survey_months
 5 8 10 15 16 20 24 25 30 32 35 40 45 48 50 55 56 60 64 65 70 72 75 80 85 88 90 95 96 97 98 99 100 101 102 103 104 105 106 107 108 110 112 115 120 125 128 130 135 136 140 144 145 150 152 155
$survey_pred_all
 30151.7 27740.9 1.30365e+08 1.19937e+08 1.10344e+08 1.01519e+08 9.34013e+07 8.59333e+07 4.30504e+08 3.96082e+08 3.6177e+08 3.30246e+08 3.02351e+08 2.78177e+08 7.68261e+08 6.91078e+08 6.28398e+08 5.71348e+08 5.16411e+08 4.75121e+08 6.4385e+08 5.9237e+08 5.28036e+08 4.73366e+08 4.22125e+08 3.88374e+08 4.87426e+08 4.1932e+08 3.56207e+08 3.04885e+08 2.65585e+08 2.4435e+08 4.84413e+08 4.45681e+08 3.88408e+08 3.45322e+08 3.11377e+08 2.86481e+08 6.54777e+08 5.97354e+08 5.38691e+08 4.82064e+08 4.35435e+08 4.0062e+08 6.0073e+08 5.52699e+08 4.88765e+08 4.35948e+08 3.87321e+08 3.56353e+08 4.47917e+08 3.91392e+08 3.37365e+08 2.95905e+08 2.62704e+08 2.41699e+08 4.73562e+08 4.35698e+08 3.78066e+08 3.33288e+08 2.92975e+08 2.6955e+08 6.89677e+08 6.23347e+08 5.56809e+08 5.03599e+08 4.54946e+08 4.1857e+08 5.60185e+08 5.15395e+08 4.589e+08 3.99098e+08 3.56576e+08 3.28066e+08 6.15417e+08 5.3872e+08 4.84767e+08 4.18848e+08 3.7185e+08 3.42119e+08 6.32965e+08 5.82356e+08 5.17098e+08 4.62504e+08 4.09243e+08 3.76522e+08 5.64172e+08 4.94979e+08 4.3124e+08 3.81959e+08 3.35958e+08 3.09096e+08 6.5014e+08 5.98158e+08 5.16097e+08 4.578e+08 4.12052e+08 3.79106e+08 6.363e+08 5.54551e+08 5.00042e+08 4.4828e+08 4.05548e+08 3.73122e+08 8.70395e+08 8.00802e+08 7.15444e+08 6.57431e+08 5.81387e+08 5.34901e+08 1.10566e+09 9.92776e+08 8.80167e+08 7.93552e+08 7.18041e+08 6.60629e+08 7.42509e+08 6.83141e+08 5.82593e+08 5.11789e+08 4.37873e+08 4.02863e+08 6.36457e+08 5.4364e+08 4.75314e+08 4.19972e+08 3.65865e+08 3.36612e+08 8.98619e+08 8.26769e+08 7.38279e+08 6.63918e+08 6.00254e+08 5.52261e+08 8.21063e+08 7.39964e+08 6.53441e+08 5.73682e+08 5.09627e+08 4.6888e+08 6.98351e+08 6.42514e+08 5.55225e+08 4.78372e+08 4.1726e+08 3.83897e+08 4.82132e+08 4.14673e+08 3.4879e+08 3.00734e+08 2.57842e+08 2.37226e+08 4.03456e+08 3.71197e+08 3.18411e+08 2.79086e+08 0 0 0 0 0 0 0 0 0 0 0 0 0 0 0 0 0 0 0 0 0 0 0 0 0 0 0 0 0 0 0 0 0 0 0 0 0 0 0 0 0 0 0 0 0 0 0 0 0 0 0 0 0 0 0 0 0 0 0 0 0 0 0 0 0 0 0 0 0 0 0 0 0 0 0 0 0 0 0 0 0 0 0 0 0 0 0 0 0 0 0 0 0 0 0 0 0 0 0 0
$survey_obs
 3.43467e+08 3.23664e+08 2.27342e+08 1.77736e+09 1.62598e+09 7.72041e+08 5.3727e+08 4.68882e+08 4.53781e+08 4.52659e+08 4.39831e+08 7.8797e+08 9.73811e+08 4.5505e+08 3.94963e+08 6.79206e+08 6.67998e+08 2.88963e+08 4.73096e+08 4.09115e+08 3.53097e+08 3.64801e+08 4.4319e+08 4.43315e+08 2.79791e+08 7.4609e+08 6.00297e+08 4.61487e+08 4.37812e+08 3.63567e+08 4.64151e+08 1.35772e+09 1.54202e+09 8.62996e+08 8.3299e+08 7.10332e+08 9.84528e+08 8.6725e+08 7.9623e+08 4.42078e+08 3.87829e+08 3.26349e+08 3.8235e+08 2.71675e+08 1.13481e+08 2.63081e+08 3.95831e+08 3.49208e+08 7.34217e+08 7.64326e+08 6.10433e+08 3.64703e+08 3.00363e+08 6.298e+08 6.39711e+08 4.75484e+08
$survey_pred_comp
1.10344e+08
8.59333e+07
3.96082e+08
7.68261e+08
6.91078e+08
4.75121e+08
4.73366e+08
4.22125e+08
3.04885e+08
2.4435e+08
3.88408e+08
5.97354e+08
6.0073e+08
4.35948e+08
3.56353e+08
2.62704e+08
2.41699e+08
3.33288e+08
6.23347e+08
5.56809e+08
5.15395e+08
3.99098e+08
6.15417e+08
3.42119e+08
4.09243e+08
4.94979e+08
3.81959e+08
5.16097e+08
4.578e+08
4.12052e+08
3.79106e+08
6.363e+08
5.54551e+08
5.00042e+08
4.4828e+08
4.05548e+08
3.73122e+08
8.70395e+08
8.00802e+08
7.15444e+08
6.57431e+08
5.34901e+08
9.92776e+08
7.18041e+08
5.11789e+08
4.75314e+08
3.36612e+08
8.26769e+08
8.21063e+08
7.39964e+08
4.6888e+08
4.78372e+08
4.1726e+08
3.00734e+08
2.37226e+08
3.18411e+08
$survey_size_comp_pred_all
 0.00302474 0.16502 0.165522 0.010829 0.0416873 0.0951545 0.0929648 0.0396159 0.00632292 0.00121615 0.00304962 0.00842248 0.0176178 0.349553
 0.00302474 0.16502 0.165522 0.010829 0.0416873 0.0951545 0.0929648 0.0396159 0.00632292 0.00121615 0.00304962 0.00842248 0.0176178 0.349553
 0.999804 3.42207e-07 1.0999e-05 2.51094e-05 2.59301e-05 4.75992e-06 6.11424e-06 1.24752e-05 1.48299e-05 1.28935e-05 5.67465e-06 1.92145e-06 1.45446e-06 7.3276e-05
 0.999842 3.42216e-07 9.84616e-06 2.01212e-05 2.07787e-05 3.81428e-06 4.89955e-06 9.99683e-06 1.18837e-05 1.0332e-05 4.54729e-06 1.53972e-06 1.16551e-06 5.87186e-05
 0.999874 3.42223e-07 8.74169e-06 1.586e-05 1.6378e-05 3.00646e-06 3.86188e-06 7.87962e-06 9.3669e-06 8.14377e-06 3.58423e-06 1.21363e-06 9.18669e-07 4.62827e-05
 0.999893 3.42227e-07 8.03009e-06 1.33828e-05 1.38199e-05 2.53687e-06 3.25868e-06 6.64887e-06 7.90385e-06 6.87177e-06 3.02439e-06 1.02406e-06 7.75178e-07 3.90536e-05
 7.70134e-07 0.577814 0.407492 0.0144647 0.000139397 1.06852e-05 1.05506e-05 4.80345e-06 2.25927e-06 3.58946e-06 6.40059e-06 5.27568e-06 4.79713e-06 4.03735e-05
 7.70134e-07 0.577814 0.407492 0.0144647 0.000139397 1.06852e-05 1.05506e-05 4.80345e-06 2.25927e-06 3.58946e-06 6.40059e-06 5.27568e-06 4.79713e-06 4.03735e-05
 0.816349 0.106116 0.0748364 0.00265646 2.56004e-05 1.96234e-06 1.93763e-06 8.82158e-07 4.14918e-07 6.59208e-07 1.17548e-06 9.68884e-07 8.80998e-07 7.41464e-06
 0.816349 0.106116 0.0748364 0.00265646 2.56004e-05 1.96234e-06 1.93763e-06 8.82158e-07 4.14918e-07 6.59208e-07 1.17548e-06 9.68884e-07 8.80998e-07 7.41464e-06
 0.822314 0.106891 0.0685482 0.00221264 2.13231e-05 1.63448e-06 1.61389e-06 7.3477e-07 3.45595e-07 5.49069e-07 9.7908e-07 8.07006e-07 7.33803e-07 6.17583e-06
 0.828785 0.107731 0.0616792 0.00177745 1.7129e-05 1.31299e-06 1.29645e-06 5.90246e-07 2.77619e-07 4.41071e-07 7.86503e-07 6.48274e-07 5.8947e-07 4.96109e-06
 0.832868 0.108261 0.0573196 0.00152755 1.47206e-05 1.12838e-06 1.11417e-06 5.07255e-07 2.38585e-07 3.79055e-07 6.75918e-07 5.57124e-07 5.06588e-07 4.26354e-06
 0.832868 0.108261 0.0573196 0.00152755 1.47206e-05 1.12838e-06 1.11417e-06 5.07255e-07 2.38585e-07 3.79055e-07 6.75918e-07 5.57124e-07 5.06588e-07 4.26354e-06
 0.666865 0.160334 0.125081 0.0294544 0.0159713 0.0021556 0.000129646 4.97892e-06 4.12915e-07 2.68293e-07 1.61681e-07 1.54964e-07 2.2197e-07 1.81087e-06
 0.68207 0.163988 0.114706 0.0242185 0.0131321 0.0017724 0.000106599 4.09381e-06 3.39511e-07 2.20599e-07 1.32939e-07 1.27416e-07 1.8251e-07 1.48895e-06
 0.690128 0.165925 0.108958 0.021597 0.0117105 0.00158054 9.50598e-05 3.65067e-06 3.0276e-07 1.96719e-07 1.18549e-07 1.13623e-07 1.62754e-07 1.32778e-06
 0.69835 0.1679 0.102906 0.0190381 0.010323 0.00139326 8.37962e-05 3.2181e-06 2.66886e-07 1.7341e-07 1.04502e-07 1.0016e-07 1.43469e-07 1.17045e-06
 5.47514e-07 0.410787 0.346608 0.13127 0.0784841 0.0205605 0.00852551 0.0030541 0.000621771 7.95706e-05 7.32981e-06 7.39165e-07 1.83352e-07 1.21858e-06
 5.47514e-07 0.410787 0.346608 0.13127 0.0784841 0.0205605 0.00852551 0.0030541 0.000621771 7.95706e-05 7.32981e-06 7.39165e-07 1.83352e-07 1.21858e-06
 0.321065 0.278898 0.235324 0.0891236 0.0532857 0.0139593 0.00578827 0.00207354 0.000422142 5.40233e-05 4.97646e-06 5.01845e-07 1.24484e-07 8.27336e-07
 0.321065 0.278898 0.235324 0.0891236 0.0532857 0.0139593 0.00578827 0.00207354 0.000422142 5.40233e-05 4.97646e-06 5.01845e-07 1.24484e-07 8.27336e-07
 0.331384 0.28786 0.229273 0.0819651 0.0490054 0.012838 0.00532332 0.00190698 0.000388233 4.96838e-05 4.57672e-06 4.61534e-07 1.14485e-07 7.60879e-07
 0.3401 0.29543 0.223814 0.0761069 0.0455027 0.0119204 0.00494283 0.00177067 0.000360484 4.61326e-05 4.2496e-06 4.28545e-07 1.06302e-07 7.06494e-07
 0.35089 0.304801 0.216611 0.0690956 0.0413106 0.0108221 0.00448745 0.00160754 0.000327272 4.18824e-05 3.85808e-06 3.89064e-07 9.65081e-08 6.41406e-07
 0.35089 0.304801 0.216611 0.0690956 0.0413106 0.0108221 0.00448745 0.00160754 0.000327272 4.18824e-05 3.85808e-06 3.89064e-07 9.65081e-08 6.41406e-07
 0.266923 0.148645 0.17923 0.167455 0.132076 0.0540016 0.0297252 0.0131547 0.00501889 0.0024316 0.000916422 0.000276629 7.91506e-05 6.64236e-05
 0.285468 0.158972 0.178742 0.155726 0.122824 0.0502187 0.0276429 0.0122332 0.00466731 0.00226126 0.000852225 0.000257251 7.3606e-05 6.17706e-05
 0.309179 0.172175 0.177098 0.141151 0.111328 0.0455183 0.0250555 0.0110882 0.00423045 0.00204961 0.000772457 0.000233172 6.67165e-05 5.59889e-05
 0.332341 0.185072 0.17441 0.12736 0.10045 0.0410705 0.0226073 0.0100047 0.00381708 0.00184933 0.000696978 0.000210388 6.01974e-05 5.0518e-05
 2.70355e-07 0.202842 0.208137 0.153231 0.14431 0.106789 0.0833158 0.0470679 0.0249345 0.0153925 0.00747338 0.00312401 0.00170291 0.00168039
 2.70355e-07 0.202842 0.208137 0.153231 0.14431 0.106789 0.0833158 0.0470679 0.0249345 0.0153925 0.00747338 0.00312401 0.00170291 0.00168039
 0.535907 0.0941373 0.0965948 0.0711134 0.0669735 0.0495599 0.0386663 0.0218439 0.0115719 0.00714356 0.00346834 0.00144983 0.000790308 0.000779857
 0.535907 0.0941373 0.0965948 0.0711134 0.0669735 0.0495599 0.0386663 0.0218439 0.0115719 0.00714356 0.00346834 0.00144983 0.000790308 0.000779857
 0.565763 0.0993811 0.0932972 0.0628405 0.0591817 0.0437941 0.0341678 0.0193025 0.0102256 0.00631247 0.00306483 0.00128116 0.000698363 0.000689127
 0.585474 0.102843 0.0907635 0.0574718 0.0541253 0.0400524 0.0312486 0.0176534 0.00935196 0.00577314 0.00280298 0.0011717 0.000638696 0.000630249
 0.597383 0.104934 0.0890877 0.0542655 0.0511055 0.0378177 0.0295051 0.0166684 0.00883019 0.00545104 0.00264659 0.00110633 0.000603061 0.000595086
 0.597383 0.104934 0.0890877 0.0542655 0.0511055 0.0378177 0.0295051 0.0166684 0.00883019 0.00545104 0.00264659 0.00110633 0.000603061 0.000595086
 0.597458 0.138962 0.112065 0.0353137 0.0301131 0.0204213 0.0179541 0.0142248 0.0111842 0.00906981 0.00568636 0.00297245 0.00209723 0.00247852
 0.602528 0.14014 0.110708 0.0341736 0.0291408 0.019762 0.0173744 0.0137656 0.0108231 0.00877698 0.00550277 0.00287648 0.00202952 0.0023985
 0.614721 0.142976 0.1073 0.0314653 0.0268312 0.0181957 0.0159974 0.0126746 0.00996531 0.00808135 0.00506664 0.0026485 0.00186866 0.0022084
 0.632007 0.146995 0.102101 0.0277114 0.02363 0.0160248 0.0140887 0.0111624 0.00877635 0.00711716 0.00446214 0.00233251 0.00164571 0.00194492
 4.95816e-07 0.371999 0.3122 0.117804 0.0819487 0.0287956 0.0192966 0.0141648 0.0113008 0.0106787 0.00957661 0.00675446 0.00619176 0.00928836
 4.95816e-07 0.371999 0.3122 0.117804 0.0819487 0.0287956 0.0192966 0.0141648 0.0113008 0.0106787 0.00957661 0.00675446 0.00619176 0.00928836
 0.386434 0.228246 0.191555 0.0722806 0.0502809 0.017668 0.0118397 0.00869101 0.00693381 0.00655206 0.00587588 0.0041443 0.00379905 0.00569902
 0.386434 0.228246 0.191555 0.0722806 0.0502809 0.017668 0.0118397 0.00869101 0.00693381 0.00655206 0.00587588 0.0041443 0.00379905 0.00569902
 0.402043 0.237464 0.185617 0.0652346 0.0453792 0.0159456 0.0106855 0.00784375 0.00625785 0.00591332 0.00530306 0.00374029 0.0034287 0.00514344
 0.414712 0.244946 0.18033 0.0596903 0.0415222 0.0145903 0.0097773 0.00717707 0.00572596 0.00541071 0.00485232 0.00342238 0.00313727 0.00470627
 0.429456 0.253652 0.173634 0.0534403 0.0371743 0.0130625 0.0087535 0.00642554 0.00512639 0.00484415 0.00434423 0.00306402 0.00280876 0.00421347
 0.429456 0.253652 0.173634 0.0534403 0.0371743 0.0130625 0.0087535 0.00642554 0.00512639 0.00484415 0.00434423 0.00306402 0.00280876 0.00421347
 0.268033 0.181652 0.189929 0.139866 0.105923 0.0421924 0.0255976 0.0131101 0.0068434 0.00530237 0.0046045 0.00370314 0.00408393 0.00915945
 0.282217 0.191264 0.188691 0.131112 0.099293 0.0395514 0.0239953 0.0122894 0.00641504 0.00497047 0.00431628 0.00347134 0.0038283 0.00858612
 0.301234 0.204151 0.18625 0.119678 0.0906332 0.0361019 0.0219026 0.0112176 0.00585555 0.00453697 0.00393984 0.00316859 0.00349441 0.00783728
 0.31598 0.214143 0.183747 0.111048 0.0840973 0.0334985 0.0203231 0.0104087 0.00543329 0.00420979 0.00365572 0.00294009 0.00324242 0.00727211
 2.5221e-07 0.189228 0.207343 0.170938 0.152221 0.0982153 0.0724802 0.0400823 0.0216205 0.0145428 0.00858577 0.00512853 0.00492158 0.0146933
 2.5221e-07 0.189228 0.207343 0.170938 0.152221 0.0982153 0.0724802 0.0400823 0.0216205 0.0145428 0.00858577 0.00512853 0.00492158 0.0146933
 0.530423 0.088857 0.0973636 0.0802685 0.0714797 0.0461197 0.0340351 0.0188217 0.0101525 0.00682897 0.00403168 0.00240824 0.00231106 0.00689964
 0.530423 0.088857 0.0973636 0.0802685 0.0714797 0.0461197 0.0340351 0.0188217 0.0101525 0.00682897 0.00403168 0.00240824 0.00231106 0.00689964
 0.562405 0.0942139 0.094045 0.0706317 0.0628975 0.0405824 0.0299487 0.0165619 0.00893353 0.00600906 0.00354762 0.0021191 0.00203359 0.00607124
 0.586956 0.098326 0.0910052 0.0633734 0.0564337 0.0364118 0.0268709 0.0148599 0.00801545 0.00539152 0.00318304 0.00190132 0.0018246 0.00544731
 0.614333 0.102911 0.087075 0.0554328 0.0493622 0.0318492 0.0235038 0.0129979 0.00701106 0.00471593 0.00278418 0.00166307 0.00159597 0.00476473
 0.614333 0.102911 0.087075 0.0554328 0.0493622 0.0318492 0.0235038 0.0129979 0.00701106 0.00471593 0.00278418 0.00166307 0.00159597 0.00476473
 0.640414 0.127655 0.102348 0.0310692 0.0263479 0.0184849 0.0156676 0.0113618 0.00826342 0.00644561 0.00402296 0.00220938 0.00174546 0.00396518
 0.651907 0.129945 0.0990121 0.0285645 0.0242237 0.0169946 0.0144045 0.0104458 0.00759722 0.00592596 0.00369862 0.00203125 0.00160474 0.00364551
 0.671457 0.133841 0.0928921 0.0244106 0.0207009 0.0145231 0.0123096 0.00892671 0.00649237 0.00506416 0.00316074 0.00173585 0.00137137 0.00311535
 0.683042 0.136149 0.088979 0.0220175 0.0186714 0.0130993 0.0111028 0.00805155 0.00585587 0.00456768 0.00285086 0.00156567 0.00123692 0.00280992
 5.35785e-07 0.401987 0.329663 0.109542 0.0707082 0.02303 0.0148591 0.01109 0.00882891 0.00797929 0.00656025 0.00439681 0.00394475 0.00740928
 5.35785e-07 0.401987 0.329663 0.109542 0.0707082 0.02303 0.0148591 0.01109 0.00882891 0.00797929 0.00656025 0.00439681 0.00394475 0.00740928
 0.312543 0.276349 0.22663 0.0753057 0.0486089 0.0158321 0.010215 0.00762389 0.0060695 0.00548542 0.00450989 0.00302262 0.00271185 0.00509356
 0.312543 0.276349 0.22663 0.0753057 0.0486089 0.0158321 0.010215 0.00762389 0.0060695 0.00548542 0.00450989 0.00302262 0.00271185 0.00509356
 0.322954 0.285553 0.221284 0.0694811 0.0448489 0.0146075 0.00942489 0.00703417 0.00560002 0.00506112 0.00416105 0.00278882 0.00250209 0.00469957
 0.341655 0.302086 0.21057 0.0594722 0.038388 0.0125031 0.00806714 0.00602083 0.00479328 0.00433201 0.00356161 0.00238706 0.00214163 0.00402255
 0.351823 0.311074 0.204136 0.0542788 0.0350356 0.0114112 0.00736263 0.00549503 0.00437468 0.0039537 0.00325057 0.0021786 0.00195461 0.00367126
 0.351823 0.311074 0.204136 0.0542788 0.0350356 0.0114112 0.00736263 0.00549503 0.00437468 0.0039537 0.00325057 0.0021786 0.00195461 0.00367126
 0.509544 0.0997135 0.121122 0.11304 0.0834497 0.029949 0.0165312 0.00805014 0.00397188 0.00301033 0.00261251 0.00202306 0.00213087 0.00485049
 0.535547 0.104801 0.117644 0.101464 0.0749032 0.0268818 0.0148382 0.00722568 0.0035651 0.00270203 0.00234495 0.00181587 0.00191264 0.00435373
 0.547566 0.107153 0.11583 0.0962 0.0710168 0.025487 0.0140683 0.00685078 0.00338012 0.00256184 0.00222328 0.00172165 0.0018134 0.00412783
 0.583071 0.1141 0.109667 0.080986 0.0597849 0.021456 0.0118433 0.00576726 0.00284553 0.00215666 0.00187165 0.00144936 0.00152659 0.00347498
 4.65401e-07 0.34918 0.285624 0.0986117 0.0886951 0.0659719 0.0490661 0.0258517 0.0127959 0.0080049 0.0044743 0.00257067 0.00237975 0.00677343
 4.65401e-07 0.34918 0.285624 0.0986117 0.0886951 0.0659719 0.0490661 0.0258517 0.0127959 0.0080049 0.0044743 0.00257067 0.00237975 0.00677343
 0.502715 0.173642 0.142037 0.0490382 0.0441068 0.0328069 0.0243998 0.0128557 0.00636321 0.00398072 0.00222501 0.00127835 0.00118342 0.00336833
 0.502715 0.173642 0.142037 0.0490382 0.0441068 0.0328069 0.0243998 0.0128557 0.00636321 0.00398072 0.00222501 0.00127835 0.00118342 0.00336833
 0.52089 0.179919 0.136743 0.0438653 0.0394538 0.0293459 0.0218258 0.0114995 0.00569193 0.00356078 0.00199028 0.0011435 0.00105857 0.00301299
 0.535812 0.185072 0.131987 0.039729 0.0357333 0.0265786 0.0197677 0.0104151 0.00515518 0.003225 0.0018026 0.00103567 0.00095875 0.00272887
 0.557128 0.192433 0.124512 0.034004 0.0305838 0.0227484 0.0169189 0.00891418 0.00441227 0.00276025 0.00154283 0.000886416 0.000820584 0.00233561
 0.557128 0.192433 0.124512 0.034004 0.0305838 0.0227484 0.0169189 0.00891418 0.00441227 0.00276025 0.00154283 0.000886416 0.000820584 0.00233561
 0.385973 0.197684 0.178757 0.0903974 0.0638513 0.0234014 0.0166403 0.0130298 0.0100647 0.00782952 0.00462236 0.00237911 0.00175437 0.00361483
 0.404754 0.207302 0.173792 0.0814819 0.0575536 0.0210933 0.014999 0.0117447 0.00907203 0.00705728 0.00416645 0.00214445 0.00158133 0.00325829
 0.427433 0.218915 0.166816 0.0710887 0.050212 0.0184026 0.0130857 0.0102465 0.0079148 0.00615705 0.00363498 0.0018709 0.00137962 0.00284267
 0.443995 0.227396 0.161021 0.0637651 0.0450389 0.0165067 0.0117376 0.00919086 0.00709937 0.00552272 0.00326048 0.00167815 0.00123748 0.0025498
 3.57707e-07 0.268379 0.268471 0.178598 0.128587 0.0570179 0.0363804 0.0190507 0.0103988 0.00851017 0.0073986 0.0050571 0.00450849 0.00764305
 3.57707e-07 0.268379 0.268471 0.178598 0.128587 0.0570179 0.0363804 0.0190507 0.0103988 0.00851017 0.0073986 0.0050571 0.00450849 0.00764305
 0.562583 0.117394 0.117434 0.0781216 0.0562459 0.0249406 0.0159134 0.00833311 0.00454861 0.00372249 0.00323627 0.00221206 0.00197209 0.0033432
 0.562583 0.117394 0.117434 0.0781216 0.0562459 0.0249406 0.0159134 0.00833311 0.00454861 0.00372249 0.00323627 0.00221206 0.00197209 0.0033432
 0.599902 0.125179 0.109558 0.0637659 0.0459096 0.0203573 0.012989 0.00680173 0.00371271 0.00303841 0.00264154 0.00180555 0.00160968 0.00272882
 0.622221 0.129836 0.104074 0.0554786 0.0399426 0.0177114 0.0113008 0.0059177 0.00323016 0.0026435 0.00229821 0.00157088 0.00140047 0.00237415
 0.63603 0.132716 0.100364 0.0504737 0.0363391 0.0161135 0.0102813 0.00538382 0.00293875 0.00240501 0.00209087 0.00142916 0.00127412 0.00215996
 0.63603 0.132716 0.100364 0.0504737 0.0363391 0.0161135 0.0102813 0.00538382 0.00293875 0.00240501 0.00209087 0.00142916 0.00127412 0.00215996
 0.45184 0.201472 0.166308 0.0588533 0.0461841 0.0266352 0.0185058 0.0105898 0.0061311 0.00429077 0.00262292 0.00163076 0.00154549 0.0033902
 0.476995 0.212686 0.157354 0.0499087 0.0391646 0.0225869 0.0156932 0.0089803 0.00519923 0.00363862 0.00222427 0.0013829 0.0013106 0.00287493
 0.486696 0.217011 0.153546 0.0465752 0.0365486 0.0210782 0.0146449 0.00838045 0.00485195 0.00339557 0.00207569 0.00129053 0.00122305 0.00268289
 0.499487 0.222713 0.148209 0.0422828 0.0331801 0.0191356 0.0132952 0.00760807 0.00440477 0.00308262 0.00188439 0.00117159 0.00111033 0.00243563
 3.91244e-07 0.293542 0.282432 0.170828 0.120768 0.0441715 0.0283358 0.0187128 0.0126538 0.00958998 0.00622362 0.00358469 0.00297494 0.00618331
 3.91244e-07 0.293542 0.282432 0.170828 0.120768 0.0441715 0.0283358 0.0187128 0.0126538 0.00958998 0.00622362 0.00358469 0.00297494 0.00618331
 0.605594 0.115774 0.111393 0.0673754 0.0476316 0.0174215 0.0111758 0.00738045 0.00499073 0.00378234 0.00245463 0.00141382 0.00117333 0.00243873
 0.605594 0.115774 0.111393 0.0673754 0.0476316 0.0174215 0.0111758 0.00738045 0.00499073 0.00378234 0.00245463 0.00141382 0.00117333 0.00243873
 0.623649 0.119225 0.107075 0.0604514 0.0427364 0.015631 0.0100272 0.00662194 0.00447782 0.00339362 0.00220236 0.00126852 0.00105274 0.0021881
 0.624417 0.119372 0.106882 0.0601604 0.0425306 0.0155558 0.00997895 0.00659006 0.00445626 0.00337728 0.00219176 0.00126241 0.00104768 0.00217756
 0.649634 0.124192 0.100151 0.0507716 0.0358929 0.013128 0.00842153 0.00556154 0.00376077 0.00285019 0.00184969 0.00106539 0.000884165 0.00183771
 0.649634 0.124192 0.100151 0.0507716 0.0358929 0.013128 0.00842153 0.00556154 0.00376077 0.00285019 0.00184969 0.00106539 0.000884165 0.00183771
 0.554896 0.167094 0.136246 0.0454887 0.0372826 0.0217145 0.0149057 0.00781948 0.00410761 0.00301929 0.00224413 0.00144453 0.0012824 0.00245537
 0.568578 0.171213 0.131441 0.0413185 0.0338646 0.0197237 0.0135392 0.00710258 0.00373102 0.00274248 0.00203838 0.0013121 0.00116483 0.00223026
 0.590045 0.177675 0.123225 0.0349933 0.0286802 0.0167042 0.0114664 0.00601524 0.00315984 0.00232263 0.00172632 0.00111123 0.000986502 0.00188883
 0.602121 0.181311 0.118214 0.0315597 0.0258659 0.015065 0.0103413 0.00542499 0.00284977 0.00209472 0.00155693 0.00100218 0.0008897 0.00170349
 4.71549e-07 0.353793 0.310891 0.141346 0.0952601 0.0329751 0.0213356 0.0142938 0.00966855 0.00713611 0.00429959 0.00246641 0.0021189 0.00441503
 4.71549e-07 0.353793 0.310891 0.141346 0.0952601 0.0329751 0.0213356 0.0142938 0.00966855 0.00713611 0.00429959 0.00246641 0.0021189 0.00441503
 0.181413 0.28961 0.254492 0.115704 0.0779787 0.026993 0.0174651 0.0117008 0.00791455 0.00584153 0.00351959 0.00201897 0.0017345 0.00361409
 0.181413 0.28961 0.254492 0.115704 0.0779787 0.026993 0.0174651 0.0117008 0.00791455 0.00584153 0.00351959 0.00201897 0.0017345 0.00361409
 0.195714 0.312438 0.248757 0.102471 0.0690598 0.0239056 0.0154675 0.0103625 0.00700931 0.0051734 0.00311703 0.00178805 0.00153612 0.00320072
 0.204977 0.327223 0.244171 0.0942674 0.0635304 0.0219916 0.014229 0.00953278 0.00644811 0.00475919 0.00286746 0.00164489 0.00141313 0.00294445
 0.220423 0.351878 0.235027 0.0812191 0.0547361 0.0189474 0.0122594 0.00821319 0.00555552 0.00410039 0.00247053 0.00141719 0.00121751 0.00253686
 0.220423 0.351878 0.235027 0.0812191 0.0547361 0.0189474 0.0122594 0.00821319 0.00555552 0.00410039 0.00247053 0.00141719 0.00121751 0.00253686
 0.417632 0.0741794 0.120548 0.150697 0.114545 0.0494515 0.0302136 0.0152757 0.00780694 0.00576934 0.0043146 0.0027256 0.00236532 0.00447605
 0.449843 0.0799 0.11908 0.136522 0.10377 0.0447997 0.0273714 0.0138387 0.00707256 0.00522663 0.00390873 0.00246921 0.00214282 0.004055
 0.473369 0.0840781 0.117519 0.126359 0.0960447 0.0414645 0.0253337 0.0128085 0.00654602 0.00483752 0.00361774 0.00228539 0.00198329 0.00375312
 0.492911 0.0875488 0.115906 0.11804 0.0897211 0.0387345 0.0236657 0.0119652 0.00611504 0.00451902 0.00337955 0.00213492 0.00185271 0.00350601
 4.00946e-07 0.300821 0.242935 0.082443 0.0954427 0.0934551 0.0739303 0.0424644 0.0239183 0.0161783 0.00938835 0.00530805 0.00451336 0.00920202
 4.00946e-07 0.300821 0.242935 0.082443 0.0954427 0.0934551 0.0739303 0.0424644 0.0239183 0.0161783 0.00938835 0.00530805 0.00451336 0.00920202
 0.655363 0.103674 0.0837245 0.0284129 0.0328931 0.0322081 0.0254791 0.0146348 0.00824314 0.00557564 0.00323558 0.00182935 0.00155547 0.00317136
 0.655363 0.103674 0.0837245 0.0284129 0.0328931 0.0322081 0.0254791 0.0146348 0.00824314 0.00557564 0.00323558 0.00182935 0.00155547 0.00317136
 0.675234 0.106817 0.0796903 0.0249835 0.0289227 0.0283204 0.0224037 0.0128683 0.00724815 0.00490263 0.00284502 0.00160854 0.00136772 0.00278856
 0.690827 0.109283 0.0762307 0.0223455 0.0258686 0.0253299 0.0200379 0.0115095 0.00648277 0.00438493 0.0025446 0.00143868 0.00122329 0.0024941
 0.703003 0.111208 0.0733331 0.020321 0.0235248 0.0230349 0.0182224 0.0104666 0.0058954 0.00398763 0.00231404 0.00130833 0.00111246 0.00226812
 0.703003 0.111208 0.0733331 0.020321 0.0235248 0.0230349 0.0182224 0.0104666 0.0058954 0.00398763 0.00231404 0.00130833 0.00111246 0.00226812
 0.381163 0.251399 0.200209 0.05619 0.0378881 0.0140948 0.012274 0.0119483 0.0104591 0.00863916 0.00560659 0.00314462 0.00249377 0.00448987
 0.389122 0.256647 0.196475 0.053007 0.0357417 0.0132963 0.0115787 0.0112714 0.00986654 0.00814975 0.00528897 0.00296648 0.0023525 0.00423551
 0.405414 0.267391 0.188227 0.0466949 0.0314853 0.0117129 0.0101998 0.00992914 0.00869156 0.00717921 0.00465912 0.00261321 0.00207235 0.00373112
 0.424857 0.280212 0.177288 0.0395297 0.0266538 0.00991551 0.0086346 0.00840548 0.00735781 0.00607753 0.00394416 0.0022122 0.00175434 0.00315856
 3.38905e-07 0.254273 0.275953 0.213233 0.140772 0.0421625 0.0220196 0.0113902 0.00678821 0.00667187 0.00703436 0.00532302 0.00512583 0.00925292
 3.38905e-07 0.254273 0.275953 0.213233 0.140772 0.0421625 0.0220196 0.0113902 0.00678821 0.00667187 0.00703436 0.00532302 0.00512583 0.00925292
 0.382273 0.157071 0.170464 0.13172 0.0869585 0.0260449 0.0136021 0.00703606 0.00419326 0.00412139 0.00434531 0.00328817 0.00316636 0.00571578
 0.382273 0.157071 0.170464 0.13172 0.0869585 0.0260449 0.0136021 0.00703606 0.00419326 0.00412139 0.00434531 0.00328817 0.00316636 0.00571578
 0.407002 0.167231 0.166314 0.117768 0.0777472 0.0232861 0.0121613 0.00629075 0.00374908 0.00368482 0.00388503 0.00293986 0.00283096 0.00511032
 0.434619 0.178576 0.160507 0.102719 0.0678114 0.0203102 0.0106071 0.00548682 0.00326996 0.00321392 0.00338854 0.00256416 0.00246917 0.00445724
 0.458434 0.18836 0.154478 0.0902051 0.0595499 0.0178358 0.00931482 0.00481836 0.00287158 0.00282236 0.00297571 0.00225177 0.00216835 0.00391421
 0.458434 0.18836 0.154478 0.0902051 0.0595499 0.0178358 0.00931482 0.00481836 0.00287158 0.00282236 0.00297571 0.00225177 0.00216835 0.00391421
 0.267415 0.194073 0.182813 0.108255 0.0950003 0.0618536 0.0414157 0.0198009 0.00870889 0.00527328 0.00329826 0.0023839 0.00264602 0.0070633
 0.286058 0.207602 0.180867 0.0990565 0.0869275 0.0565976 0.0378963 0.0181183 0.00796884 0.00482517 0.00301799 0.00218132 0.00242117 0.00646309
 0.312899 0.227079 0.176538 0.0862777 0.0757127 0.0492957 0.0330072 0.0157808 0.00694075 0.00420266 0.00262863 0.0018999 0.0021088 0.00562926
 0.333883 0.242305 0.171905 0.0766675 0.0672787 0.0438045 0.0293304 0.0140229 0.00616759 0.00373451 0.00233581 0.00168826 0.00187389 0.0050022
 2.75957e-07 0.207044 0.232592 0.192746 0.139244 0.0668177 0.0513533 0.0372141 0.0261746 0.018746 0.0100756 0.00491764 0.00366043 0.00941381
 2.75957e-07 0.207044 0.232592 0.192746 0.139244 0.0668177 0.0513533 0.0372141 0.0261746 0.018746 0.0100756 0.00491764 0.00366043 0.00941381
 0.459028 0.112005 0.125826 0.10427 0.0753274 0.0361465 0.0277807 0.0201318 0.0141597 0.0101411 0.00545061 0.00266031 0.00198019 0.00509261
 0.459028 0.112005 0.125826 0.10427 0.0753274 0.0361465 0.0277807 0.0201318 0.0141597 0.0101411 0.00545061 0.00266031 0.00198019 0.00509261
 0.492339 0.120132 0.121967 0.0913448 0.0659892 0.0316655 0.0243368 0.0176361 0.0124044 0.00888391 0.0047749 0.00233051 0.00173471 0.00446129
 0.516802 0.1261 0.118457 0.0820852 0.0592994 0.0284553 0.0218696 0.0158482 0.0111469 0.00798329 0.00429084 0.00209425 0.00155885 0.00400902
$survey_size_comp_pred_comp
 0.999874 3.42223e-07 8.74169e-06 1.586e-05 1.6378e-05 3.00646e-06 3.86188e-06 7.87962e-06 9.3669e-06 8.14377e-06 3.58423e-06 1.21363e-06 9.18669e-07 4.62827e-05
 7.70134e-07 0.577814 0.407492 0.0144647 0.000139397 1.06852e-05 1.05506e-05 4.80345e-06 2.25927e-06 3.58946e-06 6.40059e-06 5.27568e-06 4.79713e-06 4.03735e-05
 0.816349 0.106116 0.0748364 0.00265646 2.56004e-05 1.96234e-06 1.93763e-06 8.82158e-07 4.14918e-07 6.59208e-07 1.17548e-06 9.68884e-07 8.80998e-07 7.41464e-06
 0.666865 0.160334 0.125081 0.0294544 0.0159713 0.0021556 0.000129646 4.97892e-06 4.12915e-07 2.68293e-07 1.61681e-07 1.54964e-07 2.2197e-07 1.81087e-06
 0.68207 0.163988 0.114706 0.0242185 0.0131321 0.0017724 0.000106599 4.09381e-06 3.39511e-07 2.20599e-07 1.32939e-07 1.27416e-07 1.8251e-07 1.48895e-06
 5.47514e-07 0.410787 0.346608 0.13127 0.0784841 0.0205605 0.00852551 0.0030541 0.000621771 7.95706e-05 7.32981e-06 7.39165e-07 1.83352e-07 1.21858e-06
 0.3401 0.29543 0.223814 0.0761069 0.0455027 0.0119204 0.00494283 0.00177067 0.000360484 4.61326e-05 4.2496e-06 4.28545e-07 1.06302e-07 7.06494e-07
 0.35089 0.304801 0.216611 0.0690956 0.0413106 0.0108221 0.00448745 0.00160754 0.000327272 4.18824e-05 3.85808e-06 3.89064e-07 9.65081e-08 6.41406e-07
 0.332341 0.185072 0.17441 0.12736 0.10045 0.0410705 0.0226073 0.0100047 0.00381708 0.00184933 0.000696978 0.000210388 6.01974e-05 5.0518e-05
 2.70355e-07 0.202842 0.208137 0.153231 0.14431 0.106789 0.0833158 0.0470679 0.0249345 0.0153925 0.00747338 0.00312401 0.00170291 0.00168039
 0.565763 0.0993811 0.0932972 0.0628405 0.0591817 0.0437941 0.0341678 0.0193025 0.0102256 0.00631247 0.00306483 0.00128116 0.000698363 0.000689127
 0.602528 0.14014 0.110708 0.0341736 0.0291408 0.019762 0.0173744 0.0137656 0.0108231 0.00877698 0.00550277 0.00287648 0.00202952 0.0023985
 0.386434 0.228246 0.191555 0.0722806 0.0502809 0.017668 0.0118397 0.00869101 0.00693381 0.00655206 0.00587588 0.0041443 0.00379905 0.00569902
 0.414712 0.244946 0.18033 0.0596903 0.0415222 0.0145903 0.0097773 0.00717707 0.00572596 0.00541071 0.00485232 0.00342238 0.00313727 0.00470627
 0.429456 0.253652 0.173634 0.0534403 0.0371743 0.0130625 0.0087535 0.00642554 0.00512639 0.00484415 0.00434423 0.00306402 0.00280876 0.00421347
 2.5221e-07 0.189228 0.207343 0.170938 0.152221 0.0982153 0.0724802 0.0400823 0.0216205 0.0145428 0.00858577 0.00512853 0.00492158 0.0146933
 2.5221e-07 0.189228 0.207343 0.170938 0.152221 0.0982153 0.0724802 0.0400823 0.0216205 0.0145428 0.00858577 0.00512853 0.00492158 0.0146933
 0.586956 0.098326 0.0910052 0.0633734 0.0564337 0.0364118 0.0268709 0.0148599 0.00801545 0.00539152 0.00318304 0.00190132 0.0018246 0.00544731
 0.651907 0.129945 0.0990121 0.0285645 0.0242237 0.0169946 0.0144045 0.0104458 0.00759722 0.00592596 0.00369862 0.00203125 0.00160474 0.00364551
 0.671457 0.133841 0.0928921 0.0244106 0.0207009 0.0145231 0.0123096 0.00892671 0.00649237 0.00506416 0.00316074 0.00173585 0.00137137 0.00311535
 0.312543 0.276349 0.22663 0.0753057 0.0486089 0.0158321 0.010215 0.00762389 0.0060695 0.00548542 0.00450989 0.00302262 0.00271185 0.00509356
 0.341655 0.302086 0.21057 0.0594722 0.038388 0.0125031 0.00806714 0.00602083 0.00479328 0.00433201 0.00356161 0.00238706 0.00214163 0.00402255
 0.509544 0.0997135 0.121122 0.11304 0.0834497 0.029949 0.0165312 0.00805014 0.00397188 0.00301033 0.00261251 0.00202306 0.00213087 0.00485049
 4.65401e-07 0.34918 0.285624 0.0986117 0.0886951 0.0659719 0.0490661 0.0258517 0.0127959 0.0080049 0.0044743 0.00257067 0.00237975 0.00677343
 0.557128 0.192433 0.124512 0.034004 0.0305838 0.0227484 0.0169189 0.00891418 0.00441227 0.00276025 0.00154283 0.000886416 0.000820584 0.00233561
 0.404754 0.207302 0.173792 0.0814819 0.0575536 0.0210933 0.014999 0.0117447 0.00907203 0.00705728 0.00416645 0.00214445 0.00158133 0.00325829
 0.443995 0.227396 0.161021 0.0637651 0.0450389 0.0165067 0.0117376 0.00919086 0.00709937 0.00552272 0.00326048 0.00167815 0.00123748 0.0025498
 0.599902 0.125179 0.109558 0.0637659 0.0459096 0.0203573 0.012989 0.00680173 0.00371271 0.00303841 0.00264154 0.00180555 0.00160968 0.00272882
 0.622221 0.129836 0.104074 0.0554786 0.0399426 0.0177114 0.0113008 0.0059177 0.00323016 0.0026435 0.00229821 0.00157088 0.00140047 0.00237415
 0.63603 0.132716 0.100364 0.0504737 0.0363391 0.0161135 0.0102813 0.00538382 0.00293875 0.00240501 0.00209087 0.00142916 0.00127412 0.00215996
 0.63603 0.132716 0.100364 0.0504737 0.0363391 0.0161135 0.0102813 0.00538382 0.00293875 0.00240501 0.00209087 0.00142916 0.00127412 0.00215996
 0.45184 0.201472 0.166308 0.0588533 0.0461841 0.0266352 0.0185058 0.0105898 0.0061311 0.00429077 0.00262292 0.00163076 0.00154549 0.0033902
 0.476995 0.212686 0.157354 0.0499087 0.0391646 0.0225869 0.0156932 0.0089803 0.00519923 0.00363862 0.00222427 0.0013829 0.0013106 0.00287493
 0.486696 0.217011 0.153546 0.0465752 0.0365486 0.0210782 0.0146449 0.00838045 0.00485195 0.00339557 0.00207569 0.00129053 0.00122305 0.00268289
 0.499487 0.222713 0.148209 0.0422828 0.0331801 0.0191356 0.0132952 0.00760807 0.00440477 0.00308262 0.00188439 0.00117159 0.00111033 0.00243563
 3.91244e-07 0.293542 0.282432 0.170828 0.120768 0.0441715 0.0283358 0.0187128 0.0126538 0.00958998 0.00622362 0.00358469 0.00297494 0.00618331
 3.91244e-07 0.293542 0.282432 0.170828 0.120768 0.0441715 0.0283358 0.0187128 0.0126538 0.00958998 0.00622362 0.00358469 0.00297494 0.00618331
 0.605594 0.115774 0.111393 0.0673754 0.0476316 0.0174215 0.0111758 0.00738045 0.00499073 0.00378234 0.00245463 0.00141382 0.00117333 0.00243873
 0.605594 0.115774 0.111393 0.0673754 0.0476316 0.0174215 0.0111758 0.00738045 0.00499073 0.00378234 0.00245463 0.00141382 0.00117333 0.00243873
 0.623649 0.119225 0.107075 0.0604514 0.0427364 0.015631 0.0100272 0.00662194 0.00447782 0.00339362 0.00220236 0.00126852 0.00105274 0.0021881
 0.624417 0.119372 0.106882 0.0601604 0.0425306 0.0155558 0.00997895 0.00659006 0.00445626 0.00337728 0.00219176 0.00126241 0.00104768 0.00217756
 0.649634 0.124192 0.100151 0.0507716 0.0358929 0.013128 0.00842153 0.00556154 0.00376077 0.00285019 0.00184969 0.00106539 0.000884165 0.00183771
 0.568578 0.171213 0.131441 0.0413185 0.0338646 0.0197237 0.0135392 0.00710258 0.00373102 0.00274248 0.00203838 0.0013121 0.00116483 0.00223026
 4.71549e-07 0.353793 0.310891 0.141346 0.0952601 0.0329751 0.0213356 0.0142938 0.00966855 0.00713611 0.00429959 0.00246641 0.0021189 0.00441503
 0.204977 0.327223 0.244171 0.0942674 0.0635304 0.0219916 0.014229 0.00953278 0.00644811 0.00475919 0.00286746 0.00164489 0.00141313 0.00294445
 0.473369 0.0840781 0.117519 0.126359 0.0960447 0.0414645 0.0253337 0.0128085 0.00654602 0.00483752 0.00361774 0.00228539 0.00198329 0.00375312
 4.00946e-07 0.300821 0.242935 0.082443 0.0954427 0.0934551 0.0739303 0.0424644 0.0239183 0.0161783 0.00938835 0.00530805 0.00451336 0.00920202
 0.655363 0.103674 0.0837245 0.0284129 0.0328931 0.0322081 0.0254791 0.0146348 0.00824314 0.00557564 0.00323558 0.00182935 0.00155547 0.00317136
 0.381163 0.251399 0.200209 0.05619 0.0378881 0.0140948 0.012274 0.0119483 0.0104591 0.00863916 0.00560659 0.00314462 0.00249377 0.00448987
 0.389122 0.256647 0.196475 0.053007 0.0357417 0.0132963 0.0115787 0.0112714 0.00986654 0.00814975 0.00528897 0.00296648 0.0023525 0.00423551
 3.38905e-07 0.254273 0.275953 0.213233 0.140772 0.0421625 0.0220196 0.0113902 0.00678821 0.00667187 0.00703436 0.00532302 0.00512583 0.00925292
 0.434619 0.178576 0.160507 0.102719 0.0678114 0.0203102 0.0106071 0.00548682 0.00326996 0.00321392 0.00338854 0.00256416 0.00246917 0.00445724
 0.458434 0.18836 0.154478 0.0902051 0.0595499 0.0178358 0.00931482 0.00481836 0.00287158 0.00282236 0.00297571 0.00225177 0.00216835 0.00391421
 0.333883 0.242305 0.171905 0.0766675 0.0672787 0.0438045 0.0293304 0.0140229 0.00616759 0.00373451 0.00233581 0.00168826 0.00187389 0.0050022
 2.75957e-07 0.207044 0.232592 0.192746 0.139244 0.0668177 0.0513533 0.0372141 0.0261746 0.018746 0.0100756 0.00491764 0.00366043 0.00941381
 0.492339 0.120132 0.121967 0.0913448 0.0659892 0.0316655 0.0243368 0.0176361 0.0124044 0.00888391 0.0047749 0.00233051 0.00173471 0.00446129
$survey_size_comp_obs
 0.002 0.5045 0.4872 0.0063 0 0 0 0 0 0 0 0 0 0
 0.3301 0.0036 0.1129 0.2919 0.237 0.0243 0.0002 0 0 0 0 0 0 0
 0.3233 0.0041 0.1221 0.2962 0.2299 0.0236 0.0008 0 0 0 0 0 0 0
 0.0018 0.4382 0.4847 0.0107 0.0121 0.0247 0.0191 0.0076 0.0011 0 0 0 0 0
 0.0017 0.4415 0.4885 0.0102 0.0129 0.0178 0.019 0.0072 0.0012 0 0 0 0 0
 0.0791 0.0038 0.1499 0.3839 0.3141 0.0297 0.0057 0.008 0.0117 0.0092 0.0041 0.0007 0.0001 0
 0.1299 0.0056 0.1831 0.3419 0.2735 0.0285 0.0056 0.01 0.0104 0.0076 0.0033 0.0006 0 0
 0.1328 0.0065 0.1736 0.3509 0.272 0.0268 0.0066 0.0085 0.0091 0.008 0.0045 0.0005 0.0001 0.0001
 0.0017 0.3439 0.3282 0.0173 0.0626 0.1078 0.0847 0.0355 0.0066 0.0018 0.0025 0.0026 0.002 0.0028
 0.2453 0.0029 0.0887 0.2328 0.1876 0.028 0.0277 0.0511 0.0537 0.0445 0.0232 0.0056 0.0009 0.008
 0.3073 0.0025 0.093 0.2121 0.1702 0.0259 0.0278 0.0442 0.0465 0.0394 0.019 0.0044 0.0014 0.0063
 0.0012 0.3993 0.4381 0.0108 0.0218 0.0372 0.0332 0.0122 0.0057 0.0055 0.009 0.0089 0.0073 0.0098
 0.2756 0.0043 0.1154 0.2845 0.2205 0.0275 0.0072 0.0126 0.0129 0.0109 0.0055 0.0027 0.0027 0.0177
 0.3571 0.0043 0.1224 0.251 0.1848 0.0201 0.0065 0.0099 0.012 0.0109 0.0045 0.0019 0.0017 0.0129
 0.4864 0.0033 0.1008 0.199 0.1476 0.015 0.0052 0.007 0.0095 0.0073 0.0038 0.0015 0.0012 0.0124
 0 0.0047 0.1569 0.3953 0.3042 0.0352 0.0139 0.0226 0.0259 0.0195 0.0096 0.0029 0.0013 0.008
 0.0379 0.0034 0.1515 0.3849 0.2872 0.0316 0.0113 0.026 0.0219 0.0192 0.0091 0.0029 0.0015 0.0116
 0.0699 0.007 0.183 0.3486 0.2686 0.0305 0.0113 0.019 0.0213 0.0193 0.0087 0.0026 0.0008 0.0094
 0.0012 0.3411 0.3773 0.0159 0.0517 0.0849 0.068 0.0307 0.0047 0.0033 0.0064 0.0059 0.0034 0.0055
 0.0015 0.3594 0.3734 0.015 0.048 0.0824 0.0637 0.0275 0.006 0.0034 0.0036 0.0041 0.005 0.007
 0.1573 0.0027 0.1192 0.2979 0.2258 0.0297 0.0234 0.0384 0.0376 0.0345 0.0154 0.0042 0.0018 0.0121
 0.1944 0.0049 0.1292 0.2652 0.2125 0.0281 0.0224 0.0371 0.0377 0.0331 0.0163 0.0044 0.0015 0.0132
 0.0013 0.3517 0.402 0.0136 0.0353 0.0641 0.0555 0.0224 0.0064 0.0065 0.009 0.0092 0.0077 0.0153
 0.3351 0.0026 0.0997 0.2502 0.1891 0.0219 0.0121 0.0191 0.0209 0.0175 0.0065 0.003 0.0026 0.0197
 0.417 0.003 0.0991 0.2113 0.1564 0.0184 0.0107 0.0165 0.0195 0.0185 0.0071 0.0033 0.0026 0.0166
 0.0014 0.4254 0.4428 0.0104 0.0196 0.0379 0.0296 0.0108 0.003 0.0018 0.0023 0.0036 0.0037 0.0077
 0.0018 0.4624 0.427 0.0105 0.0152 0.0313 0.0238 0.0102 0.0019 0.0019 0.003 0.0031 0.0028 0.0051
 0.2219 0.0047 0.1359 0.2993 0.2407 0.0263 0.0094 0.0125 0.0174 0.0142 0.0055 0.0015 0.0008 0.0099
 0.2573 0.0046 0.1438 0.2861 0.2202 0.0226 0.0103 0.0139 0.0131 0.0115 0.0051 0.001 0.0016 0.0089
 0.261 0.0054 0.139 0.2889 0.218 0.0234 0.0078 0.0117 0.0144 0.0141 0.0055 0.0011 0.0009 0.0088
 0.551 0.0026 0.0846 0.1727 0.1294 0.0154 0.0049 0.0079 0.0101 0.0077 0.0043 0.0007 0.0007 0.008
 0.0021 0.4054 0.4641 0.0123 0.0226 0.0359 0.0321 0.0128 0.0023 0.0018 0.0017 0.0028 0.0006 0.0035
 0.0017 0.438 0.4428 0.0119 0.0211 0.0347 0.0253 0.0122 0.0027 0.001 0.0019 0.0022 0.0014 0.0031
 0.0012 0.4568 0.4317 0.0108 0.0174 0.0325 0.027 0.0107 0.0025 0.001 0.0015 0.0022 0.0016 0.0031
 0.0021 0.4857 0.413 0.0099 0.0185 0.0289 0.024 0.0093 0.0018 0.0007 0.001 0.0014 0.0013 0.0024
 0 0.0056 0.1602 0.4249 0.2967 0.0309 0.013 0.0162 0.02 0.0176 0.0073 0.0021 0.0007 0.0048
 0.0464 0.0056 0.1566 0.3974 0.2895 0.0319 0.0085 0.0169 0.0187 0.0152 0.0061 0.0017 0.0006 0.0049
 0.0437 0.0037 0.1524 0.3999 0.2999 0.029 0.0116 0.0148 0.0177 0.0141 0.0061 0.0016 0.0004 0.0051
 0.0531 0.005 0.1648 0.3801 0.2909 0.0327 0.009 0.0166 0.0172 0.0145 0.0066 0.0022 0.0007 0.0066
 0.0562 0.006 0.1699 0.3803 0.2843 0.0292 0.0096 0.0163 0.0179 0.0144 0.0064 0.0015 0.0006 0.0074
 0.0651 0.0066 0.181 0.3749 0.2716 0.0288 0.01 0.0166 0.0189 0.0135 0.0059 0.0017 0.0008 0.0046
 0.1208 0.0056 0.1706 0.3433 0.2648 0.0294 0.0108 0.013 0.0167 0.0127 0.0044 0.0017 0.001 0.0052
 0.0004 0.2216 0.2241 0.0251 0.0932 0.1881 0.14 0.0563 0.0113 0.005 0.009 0.0073 0.0069 0.0117
 0 0.0031 0.0987 0.2395 0.1834 0.0328 0.061 0.098 0.1121 0.0869 0.042 0.0096 0.0047 0.0282
 0.2473 0.0035 0.0937 0.1779 0.1346 0.0253 0.0391 0.0708 0.0793 0.0665 0.0295 0.007 0.004 0.0215
 0.0021 0.4651 0.4069 0.0093 0.012 0.0228 0.0178 0.0094 0.0044 0.0072 0.0102 0.0124 0.0088 0.0116
 0.41 0.0027 0.0961 0.2396 0.1784 0.0166 0.0065 0.0074 0.0082 0.0062 0.0026 0.0021 0.0026 0.021
 0.4602 0.0038 0.0974 0.2137 0.1561 0.0167 0.005 0.0073 0.0082 0.0072 0.002 0.0016 0.0024 0.0184
 0.0018 0.4228 0.4796 0.0113 0.0134 0.028 0.025 0.0084 0.0016 0.0004 0.0006 0.0013 0.0006 0.0052
 0.002 0.4553 0.4618 0.0093 0.0104 0.0285 0.0168 0.0075 0.0017 0.0005 0.0013 0.0012 0.0003 0.0034
 0.1172 0.0046 0.1539 0.3701 0.2776 0.0293 0.006 0.009 0.0117 0.0111 0.0034 0.0011 0.0002 0.0048
 0.1849 0.0068 0.1726 0.33 0.2451 0.0234 0.0041 0.0085 0.0088 0.0083 0.0046 0.0003 0.0002 0.0024
 0.1845 0.0071 0.1754 0.3226 0.247 0.0229 0.0055 0.0082 0.0116 0.0075 0.0033 0.0008 0.0003 0.0033
 0.0014 0.4269 0.3832 0.014 0.0356 0.0623 0.0441 0.0215 0.003 0.0009 0.002 0.0018 0.0012 0.0021
