    unsorted:	 0.0003701603500 0.0009992283187 0.5151855916 107.3144146 258.4759433 53.82418897 75.82711245 634.2793024 513.4211149 755.1065361 1258.028270 1135.801179 2222.439934 2353.885243 2841.630062 5165.478397 5173.179002 4619.558872 5733.953955 7775.817501 8373.362950 9283.787006 9657.745092 9996.647562 11148.60739 11973.66612 12509.60554 14351.81697 15065.31745 16529.82614 18665.11683 22365.75126 24705.73430 28351.11921 173546.4272 172085.6340 172135.6935 173198.5987 174255.5745 175347.4734 175678.2036 169174.3797 168582.4458 166161.7118 165494.3215 177487.9522 159702.9518 158534.4523 158275.2424 161586.3176 156586.1383 156148.4611 155593.4107 180987.1751 182667.7518 183006.1980 184920.8585 186388.0334 151845.7245 187574.5687 188360.4768 149968.7350 190028.1106 146720.2006 145651.0428 144720.9590 143388.1930 141088.5093 197442.3213 196416.6240 198243.8006 199119.2817 199596.1186 200430.5558 202289.5669 136755.4552 205391.4004 207930.3283 131703.7569 129663.2940 210233.7832 210721.0754 216539.3588 116317.1650 222065.4744 45138.14493 39814.94581 37504.76534 47628.68383 49657.99761 50846.13605 55618.83329 58696.64417 62339.20202 61407.60168 73962.67693 76157.95765 77778.44208 106621.2351 225539.2693 227491.9888 234935.6298 238134.2630 241976.2014 242546.4645 248726.0574 254803.7071 257488.7023 265598.7599 269400.0026 269977.6490 281883.0345 291100.3133 295278.6595 305598.5220 311615.3315 334695.1576 374073.1934 374742.1824 401783.2125 425876.4884 490806.0078 712015.3181 925985.5658 1876436.175 2189755.616 3241346.712 3766089.233 4048967.965 4413428.221 5029069.979 6060475.311 6897283.524 7457956.177 8494651.674 9132112.587 10551881.31 13598454.55 19204924.75
      sorted:	 0.0003701603500 0.0009992283187 0.5151855916 53.82418897 75.82711245 107.3144146 258.4759433 513.4211149 634.2793024 755.1065361 1135.801179 1258.028270 2222.439934 2353.885243 2841.630062 4619.558872 5165.478397 5173.179002 5733.953955 7775.817501 8373.362950 9283.787006 9657.745092 9996.647562 11148.60739 11973.66612 12509.60554 14351.81697 15065.31745 16529.82614 18665.11683 22365.75126 24705.73430 28351.11921 37504.76534 39814.94581 45138.14493 47628.68383 49657.99761 50846.13605 55618.83329 58696.64417 61407.60168 62339.20202 73962.67693 76157.95765 77778.44208 106621.2351 116317.1650 129663.2940 131703.7569 136755.4552 141088.5093 143388.1930 144720.9590 145651.0428 146720.2006 149968.7350 151845.7245 155593.4107 156148.4611 156586.1383 158275.2424 158534.4523 159702.9518 161586.3176 165494.3215 166161.7118 168582.4458 169174.3797 172085.6340 172135.6935 173198.5987 173546.4272 174255.5745 175347.4734 175678.2036 177487.9522 180987.1751 182667.7518 183006.1980 184920.8585 186388.0334 187574.5687 188360.4768 190028.1106 196416.6240 197442.3213 198243.8006 199119.2817 199596.1186 200430.5558 202289.5669 205391.4004 207930.3283 210233.7832 210721.0754 216539.3588 222065.4744 225539.2693 227491.9888 234935.6298 238134.2630 241976.2014 242546.4645 248726.0574 254803.7071 257488.7023 265598.7599 269400.0026 269977.6490 281883.0345 291100.3133 295278.6595 305598.5220 311615.3315 334695.1576 374073.1934 374742.1824 401783.2125 425876.4884 490806.0078 712015.3181 925985.5658 1876436.175 2189755.616 3241346.712 3766089.233 4048967.965 4413428.221 5029069.979 6060475.311 6897283.524 7457956.177 8494651.674 9132112.587 10551881.31 13598454.55 19204924.75
