$likelihoods
6013.64 797.722 1951.85 8.50905
$recruits
 4.08887e+07 5.61225e+08 6.3531e+07 1.68494e+09 1.98817e+07 9.90304e+08 3.3255e+06 3.40197e+09 1.19423e+08 1.61471e+09 3.50575e+06 8.51656e+08 4.31732e+07 1.3134e+09 3.17237e+06 1.78895e+09 2.00601e+07 1.33526e+09 2.34103e+06 8.61571e+08 1.38556e+07 5.1535e+08 6.3159e+07 1.37896e+09 1.49073e+08 3.22509e+09 1.22167e+07 1.16209e+09 1.61647e+07 1.95522e+09 4.94905e+06 2.50153e+09 7.41306e+07 1.18162e+09 2.30507e+06 6.17779e+08 3.39841e+07 7.50509e+08 1.71345e+06 1.22068e+09 9.25557e+07 1.49907e+09 4.90965e+07 2.95093e+08
$sizes
 55 65 75 85 95 105 115 125 135 145 155 165 175 185
$survey_months
 1 5 8 10 15 16 20 24 25 30 32 35 40 45 48 50 55 56 60 64 65 70 72 75 80 85 88 90 95 96 100 104 105 110 112 115 120 125 128 130 135 136 140 144 145 150 152 155 160 165 168 170 175 176 180 184 185 190 192 195 200 205 208 210 215 216 220 224 225 230 232 235 240 245 248 250 255 256 260 264
$survey_pred_all
 9.24378e+07 8.53437e+07 4.38303e+08 4.04418e+08 3.72959e+08 3.43949e+08 4.37593e+08 4.04011e+08 4.38858e+08 4.05178e+08 3.53566e+08 2.97552e+08 2.62155e+08 2.42036e+08 4.53221e+08 3.94563e+08 3.40963e+08 2.96578e+08 3.45712e+08 3.19181e+08 4.9239e+08 4.54602e+08 4.05833e+08 3.56144e+08 3.12327e+08 2.88358e+08 9.23117e+08 8.30095e+08 7.49238e+08 6.84088e+08 8.19362e+08 7.56481e+08 8.14624e+08 7.52106e+08 6.58271e+08 5.6666e+08 4.81493e+08 4.44542e+08 7.98367e+08 6.97084e+08 6.15055e+08 5.44413e+08 5.92446e+08 5.46979e+08 9.04177e+08 8.34787e+08 7.26983e+08 6.35687e+08 5.73182e+08 5.29194e+08 1.81182e+09 1.6719e+09 1.51993e+09 1.38921e+09 1.70422e+09 1.57343e+09 1.64214e+09 1.51612e+09 1.33569e+09 1.12291e+09 9.68908e+08 8.9455e+08 1.46867e+09 1.23902e+09 1.07255e+09 9.15179e+08 9.85214e+08 9.09605e+08 9.39729e+08 8.6761e+08 7.39371e+08 6.59517e+08 5.37854e+08 4.96577e+08 7.96077e+08 6.85798e+08 5.76444e+08 4.99945e+08 5.5362e+08 5.11133e+08 6.26016e+08 5.77973e+08 4.89518e+08 4.07657e+08 3.44207e+08 3.17791e+08 8.04714e+08 7.26829e+08 6.47042e+08 5.75938e+08 6.64044e+08 6.13082e+08 7.75941e+08 7.16392e+08 6.28821e+08 5.35955e+08 4.52394e+08 4.17675e+08 1.07916e+09 9.73336e+08 8.48406e+08 7.67601e+08 9.02547e+08 8.33282e+08 9.26007e+08 8.54941e+08 7.10516e+08 5.89817e+08 5.04342e+08 4.65637e+08 9.50374e+08 8.40859e+08 7.48049e+08 6.55029e+08 7.27938e+08 6.72073e+08 7.21589e+08 6.66212e+08 5.56167e+08 4.92915e+08 4.32892e+08 3.9967e+08 7.05958e+08 6.01837e+08 5.32447e+08 4.71616e+08 5.14606e+08 4.75113e+08 4.99121e+08 4.60816e+08 3.86273e+08 3.27243e+08 2.68144e+08 2.47565e+08 4.37899e+08 3.77131e+08 3.44343e+08 3.08029e+08 3.51853e+08 3.2485e+08 4.61722e+08 4.26288e+08 3.68804e+08 3.24482e+08 2.81433e+08 2.59835e+08 7.94314e+08 7.17529e+08 6.47018e+08 5.90842e+08 7.59568e+08 7.01276e+08 1.02588e+09 9.47147e+08 8.55236e+08 7.60419e+08 6.68564e+08 6.17255e+08 1.82785e+09 1.64092e+09 1.49908e+09 1.37364e+09 1.61883e+09 1.49459e+09 1.51625e+09 1.39989e+09 1.16508e+09 9.69874e+08 8.58509e+08 7.92624e+08 1.19151e+09 1.03041e+09 9.10751e+08 8.12023e+08 8.54519e+08 7.8894e+08 9.57812e+08 8.84305e+08 7.14524e+08 5.895e+08 4.99101e+08 4.60798e+08 1.18169e+09 1.05908e+09 9.51847e+08 8.46763e+08 9.88153e+08 9.12318e+08 1.13582e+09 1.04866e+09 9.02363e+08 7.74639e+08 6.6876e+08 6.17436e+08 1.54571e+09 1.39103e+09 1.23538e+09 1.09332e+09 1.29642e+09 1.19693e+09 1.24372e+09 1.14827e+09 9.54505e+08 7.79692e+08 6.87476e+08 6.34717e+08 1.05503e+09 9.02069e+08 7.88161e+08 6.96119e+08 7.41004e+08 6.84136e+08 7.04121e+08 6.50084e+08 5.43731e+08 4.53009e+08 3.76758e+08 3.47844e+08 5.66328e+08 4.96202e+08 4.25048e+08 3.61699e+08 4.0157e+08 3.70752e+08 4.30361e+08 3.97334e+08 3.42169e+08 2.9797e+08 2.61108e+08 2.4107e+08 5.16094e+08 4.57939e+08 4.1338e+08 3.70182e+08 4.11203e+08 3.79645e+08 4.9374e+08 4.55849e+08 3.84734e+08 3.32096e+08 2.8605e+08 2.64098e+08 7.25794e+08 6.52467e+08 5.93025e+08 5.39168e+08 6.65085e+08 6.14044e+08 7.42816e+08 6.85809e+08 5.93187e+08 5.25962e+08 4.63283e+08 4.27729e+08 9.88862e+08 8.65635e+08 7.88623e+08 7.0991e+08 8.30551e+08 7.66812e+08 7.42589e+08 6.85599e+08 5.71192e+08 4.8318e+08 0 0 0 0 0 0 0 0 0 0 0 0 0 0 0 0 0 0 0 0 0 0 0 0 0 0 0 0 0 0 0 0 0 0 0 0 0 0 0 0 0 0 0 0 0 0 0 0 0 0 0 0 0 0 0 0 0 0 0 0 0 0 0 0 0 0 0 0 0 0 0 0 0 0 0 0 0 0 0 0 0 0 0 0 0 0 0 0 0 0 0 0 0 0 0 0 0 0 0 0
$survey_obs
 55961.3 6.37294e+08 4.34296e+08 6.07646e+08 4.5633e+08 5.58311e+08 7.58009e+08 2.67999e+08 3.04491e+08 9.66343e+08 8.48902e+08 4.92743e+08 5.52721e+08 3.71268e+08 2.42014e+08 6.77906e+08 1.85306e+09 2.30875e+09 1.43975e+09 1.55245e+09 1.0717e+09 1.03765e+09 5.52429e+08 8.05464e+08 7.0615e+08 2.77638e+08 1.32925e+09 7.94247e+08 8.83744e+08 7.44457e+08 1.28412e+09 1.2953e+09 1.03925e+09 7.07282e+08 1.07128e+09 6.44e+08 6.48692e+08 8.17179e+08 6.89081e+08 4.01826e+08 4.65159e+08 3.87065e+08 6.91886e+08 3.61142e+08 2.75097e+08 1.023e+09 1.33015e+09 7.50674e+08 1.92502e+09 1.29554e+09 1.03133e+09 6.75269e+08 7.87767e+08 8.45897e+08 4.35667e+08 1.26606e+09 7.44216e+08 1.39726e+09 9.36776e+08 2.90529e+09 1.47087e+09 6.00062e+08 8.05436e+08 1.07257e+09 6.58809e+08 6.11306e+08 5.04641e+08 4.4746e+08 4.65289e+08 3.60914e+08 4.3716e+08 4.64751e+08 2.07054e+08 7.24103e+08 7.71068e+08 5.83627e+08 1.09527e+09 1.14756e+09 6.59623e+08 3.23876e+08
$survey_pred_comp
9.24378e+07
3.72959e+08
4.04011e+08
4.05178e+08
4.53221e+08
3.94563e+08
3.19181e+08
3.56144e+08
3.12327e+08
6.84088e+08
7.56481e+08
6.58271e+08
6.97084e+08
9.04177e+08
6.35687e+08
5.29194e+08
1.70422e+09
1.57343e+09
1.12291e+09
1.23902e+09
1.07255e+09
8.6761e+08
6.59517e+08
7.96077e+08
5.11133e+08
3.44207e+08
7.26829e+08
5.75938e+08
6.28821e+08
5.35955e+08
9.73336e+08
8.33282e+08
9.26007e+08
4.65637e+08
8.40859e+08
7.27938e+08
4.92915e+08
5.32447e+08
4.75113e+08
4.60816e+08
4.37899e+08
3.77131e+08
3.2485e+08
3.24482e+08
2.81433e+08
5.90842e+08
7.01276e+08
8.55236e+08
1.64092e+09
1.51625e+09
9.69874e+08
7.92624e+08
8.54519e+08
7.8894e+08
5.895e+08
1.05908e+09
9.51847e+08
1.04866e+09
7.74639e+08
1.54571e+09
1.19693e+09
6.87476e+08
9.02069e+08
6.96119e+08
5.43731e+08
4.53009e+08
4.96202e+08
3.70752e+08
4.30361e+08
2.4107e+08
4.57939e+08
4.11203e+08
3.32096e+08
5.93025e+08
6.14044e+08
6.85809e+08
9.88862e+08
8.65635e+08
7.66812e+08
4.8318e+08
$survey_size_comp_pred_all
 0.840439 0.0980156 0.0130953 0.00125702 0.00265768 0.00665546 0.00686439 0.00259468 0.000477558 0.000178456 0.000196561 0.000445236 0.00164656 0.0254766
 0.840439 0.0980156 0.0130953 0.00125702 0.00265768 0.00665546 0.00686439 0.00259468 0.000477558 0.000178456 0.000196561 0.000445236 0.00164656 0.0254766
 0.0109513 0.457159 0.467345 0.0507703 0.00460596 0.000612134 0.000354784 0.000679747 0.000928563 0.000861253 0.000475374 0.000185521 9.80701e-05 0.00497359
 0.0109581 0.457439 0.467631 0.050319 0.00456501 0.000606692 0.00035163 0.000673704 0.000920307 0.000853596 0.000471147 0.000183871 9.71982e-05 0.00492937
 0.0109705 0.457957 0.468159 0.0494867 0.0044895 0.000596656 0.000345813 0.000662559 0.000905083 0.000839475 0.000463354 0.000180829 9.55903e-05 0.00484782
 0.0109828 0.458473 0.468685 0.0486571 0.00441422 0.000586652 0.000340015 0.00065145 0.000889908 0.0008254 0.000455585 0.000177798 9.39876e-05 0.00476654
 2.7377e-07 0.0241164 0.216115 0.378587 0.282896 0.076383 0.0134423 0.00217 0.000448484 0.000254513 0.000353606 0.000534716 0.000675419 0.00402244
 2.7377e-07 0.0241164 0.216115 0.378587 0.282896 0.076383 0.0134423 0.00217 0.000448484 0.000254513 0.000353606 0.000534716 0.000675419 0.00402244
 0.150054 0.0204976 0.183687 0.321779 0.240446 0.0649214 0.0114252 0.00184438 0.000381188 0.000216323 0.000300546 0.00045448 0.00057407 0.00341886
 0.150054 0.0204976 0.183687 0.321779 0.240446 0.0649214 0.0114252 0.00184438 0.000381188 0.000216323 0.000300546 0.00045448 0.00057407 0.00341886
 0.158761 0.0216871 0.194343 0.311539 0.232792 0.0628547 0.0110615 0.00178566 0.000369053 0.000209436 0.000290978 0.000440012 0.000555795 0.00331002
 0.17417 0.023792 0.213201 0.293419 0.219247 0.0591975 0.0104179 0.00168176 0.000347579 0.00019725 0.000274047 0.00041441 0.000523456 0.00311742
 0.182516 0.024932 0.223414 0.283604 0.211911 0.0572167 0.0100693 0.00162549 0.000335949 0.00019065 0.000264878 0.000400544 0.000505941 0.00301311
 0.182516 0.024932 0.223414 0.283604 0.211911 0.0572167 0.0100693 0.00162549 0.000335949 0.00019065 0.000264878 0.000400544 0.000505941 0.00301311
 0.0164509 0.272292 0.279397 0.0523105 0.090318 0.112115 0.0942806 0.0530275 0.0199368 0.00577056 0.00146987 0.000387825 0.000243261 0.00200052
 0.0174464 0.288769 0.296298 0.0481477 0.0831289 0.103191 0.0867761 0.0488066 0.0183499 0.00531123 0.00135287 0.000356955 0.000223898 0.00184128
 0.0186396 0.308519 0.316555 0.043158 0.0745122 0.0924948 0.0777813 0.0437476 0.0164478 0.0047607 0.00121264 0.000319955 0.00020069 0.00165042
 0.0197846 0.327471 0.335991 0.0383701 0.0662442 0.0822314 0.0691505 0.0388933 0.0146227 0.00423244 0.00107809 0.000284452 0.000178421 0.00146729
 5.38269e-07 0.0474155 0.197095 0.297431 0.221025 0.0582986 0.0313425 0.0365068 0.0375624 0.0318095 0.0212624 0.0116238 0.00540839 0.00321901
 5.38269e-07 0.0474155 0.197095 0.297431 0.221025 0.0582986 0.0313425 0.0365068 0.0375624 0.0318095 0.0212624 0.0116238 0.00540839 0.00321901
 0.40152 0.0283772 0.117957 0.178007 0.132279 0.0348905 0.0187578 0.0218486 0.0224803 0.0190374 0.0127251 0.00695659 0.00323682 0.00192651
 0.40152 0.0283772 0.117957 0.178007 0.132279 0.0348905 0.0187578 0.0218486 0.0224803 0.0190374 0.0127251 0.00695659 0.00323682 0.00192651
 0.415254 0.0293478 0.121991 0.170631 0.126797 0.0334445 0.0179804 0.0209431 0.0215486 0.0182484 0.0121977 0.00666828 0.00310267 0.00184667
 0.436875 0.0308759 0.12834 0.159019 0.118166 0.031168 0.0167565 0.0195175 0.0200818 0.0170062 0.0113674 0.00621437 0.00289147 0.00172097
 0.459935 0.0325056 0.135112 0.146634 0.108961 0.02874 0.0154512 0.0179971 0.0185175 0.0156815 0.0104819 0.00573028 0.00266623 0.00158691
 0.459935 0.0325056 0.135112 0.146634 0.108961 0.02874 0.0154512 0.0179971 0.0185175 0.0156815 0.0104819 0.00573028 0.00266623 0.00158691
 0.0025317 0.401361 0.406786 0.0457528 0.0326009 0.0347977 0.0284649 0.0158797 0.0067126 0.00411779 0.00410936 0.00478892 0.00583246 0.00626421
 0.00259934 0.412084 0.417646 0.0405212 0.0288725 0.0308181 0.0252096 0.0140636 0.00594493 0.00364687 0.0036394 0.00424125 0.00516544 0.00554781
 0.00265885 0.421518 0.427198 0.035919 0.0255928 0.0273174 0.0223459 0.0124661 0.00526962 0.00323261 0.00322599 0.00375947 0.00457867 0.00491761
 0.00268858 0.426232 0.431971 0.0336193 0.023954 0.0255681 0.020915 0.0116678 0.00493218 0.00302561 0.00301941 0.00351873 0.00428548 0.00460271
 7.11881e-08 0.00627141 0.195873 0.372023 0.276466 0.0678972 0.0180658 0.013943 0.0130974 0.0108187 0.00719957 0.00429108 0.00397128 0.0100822
 7.11881e-08 0.00627141 0.195873 0.372023 0.276466 0.0678972 0.0180658 0.013943 0.0130974 0.0108187 0.00719957 0.00429108 0.00397128 0.0100822
 0.142641 0.00537685 0.167934 0.318958 0.23703 0.0582123 0.0154889 0.0119542 0.0112291 0.00927553 0.00617262 0.003679 0.00340481 0.00864406
 0.142641 0.00537685 0.167934 0.318958 0.23703 0.0582123 0.0154889 0.0119542 0.0112291 0.00927553 0.00617262 0.003679 0.00340481 0.00864406
 0.150467 0.00567185 0.177145 0.310878 0.231023 0.056737 0.0150964 0.0116512 0.0109445 0.00904046 0.00601618 0.00358576 0.00331852 0.00842499
 0.161379 0.00608316 0.189989 0.299612 0.222648 0.0546801 0.0145491 0.0112288 0.0105478 0.00871271 0.00579807 0.00345576 0.00319822 0.00811956
 0.175348 0.00660972 0.20643 0.285189 0.211926 0.0520469 0.0138484 0.0106881 0.0100398 0.00829314 0.00551886 0.00328934 0.0030442 0.00772855
 0.175348 0.00660972 0.20643 0.285189 0.211926 0.0520469 0.0138484 0.0106881 0.0100398 0.00829314 0.00551886 0.00328934 0.0030442 0.00772855
 0.000491847 0.272756 0.274727 0.0432191 0.0869088 0.116066 0.0984098 0.0542078 0.0200558 0.00756386 0.00483037 0.0047818 0.00559317 0.0103891
 0.000520079 0.288412 0.290491 0.0402129 0.0808622 0.107991 0.091563 0.0504363 0.0186604 0.00703761 0.0044943 0.00444911 0.00520403 0.00966628
 0.000544206 0.301791 0.303962 0.0376438 0.075695 0.10109 0.085712 0.0472134 0.017468 0.0065879 0.00420711 0.00416481 0.00487149 0.0090486
 0.000567637 0.314785 0.317044 0.0351489 0.0706769 0.0943883 0.0800299 0.0440834 0.01631 0.00615117 0.00392821 0.00388871 0.00454854 0.00844873
 1.65424e-08 0.00145767 0.155576 0.301817 0.224057 0.0608314 0.0389134 0.0492822 0.0523199 0.0445534 0.029472 0.0160909 0.00948072 0.0161487
 1.65424e-08 0.00145767 0.155576 0.301817 0.224057 0.0608314 0.0389134 0.0492822 0.0523199 0.0445534 0.029472 0.0160909 0.00948072 0.0161487
 0.441479 0.000814139 0.0868924 0.168571 0.125141 0.0339756 0.0217339 0.0275251 0.0292217 0.024884 0.0164607 0.0089871 0.00529518 0.00901941
 0.441479 0.000814139 0.0868924 0.168571 0.125141 0.0339756 0.0217339 0.0275251 0.0292217 0.024884 0.0164607 0.0089871 0.00529518 0.00901941
 0.468041 0.000863121 0.0921185 0.157174 0.116678 0.0316779 0.0202641 0.0256637 0.0272456 0.0232012 0.0153475 0.00837933 0.00493709 0.00840945
 0.494182 0.000911328 0.0972617 0.145957 0.108349 0.0294167 0.0188177 0.0238318 0.0253007 0.021545 0.014252 0.0077812 0.00458467 0.00780917
 0.506011 0.000933143 0.099589 0.140881 0.10458 0.0283935 0.0181631 0.0230028 0.0244207 0.0207956 0.0137563 0.00751053 0.0044252 0.00753754
 0.506011 0.000933143 0.099589 0.140881 0.10458 0.0283935 0.0181631 0.0230028 0.0244207 0.0207956 0.0137563 0.00751053 0.0044252 0.00753754
 0.00773874 0.41288 0.413041 0.035749 0.0226466 0.0299838 0.0254838 0.0143423 0.00637343 0.00445128 0.00484205 0.00585029 0.00718576 0.00943199
 0.00774278 0.413095 0.413257 0.0356555 0.0225874 0.0299054 0.0254172 0.0143048 0.00635676 0.00443964 0.00482939 0.005835 0.00716697 0.00940733
 0.00786331 0.419526 0.419684 0.0328667 0.0208204 0.0275659 0.0234288 0.0131858 0.00585948 0.00409233 0.00445159 0.00537853 0.0066063 0.0086714
 0.00794297 0.423776 0.423931 0.0310235 0.0196525 0.0260197 0.0221147 0.0124462 0.00553082 0.00386279 0.0042019 0.00507685 0.00623576 0.00818502
 2.0534e-07 0.0180886 0.202141 0.361237 0.265384 0.0648266 0.0161598 0.0132589 0.0136458 0.0116488 0.00785151 0.00485274 0.00517013 0.0157356
 2.0534e-07 0.0180886 0.202141 0.361237 0.265384 0.0648266 0.0161598 0.0132589 0.0136458 0.0116488 0.00785151 0.00485274 0.00517013 0.0157356
 0.115376 0.0160016 0.178818 0.319559 0.234765 0.0573471 0.0142953 0.0117291 0.0120714 0.0103048 0.00694563 0.00429285 0.00457362 0.0139201
 0.115376 0.0160016 0.178818 0.319559 0.234765 0.0573471 0.0142953 0.0117291 0.0120714 0.0103048 0.00694563 0.00429285 0.00457362 0.0139201
 0.120912 0.0167692 0.187395 0.312667 0.2297 0.0561098 0.0139869 0.011476 0.011811 0.0100825 0.00679577 0.00420023 0.00447494 0.0136197
 0.132786 0.018416 0.205794 0.297883 0.218834 0.0534557 0.0133253 0.0109332 0.0112523 0.00960554 0.00647431 0.00400154 0.00426327 0.0129755
 0.14208 0.0197051 0.220196 0.286311 0.210329 0.0513782 0.0128074 0.0105083 0.010815 0.00923223 0.0062227 0.00384603 0.00409758 0.0124712
 0.14208 0.0197051 0.220196 0.286311 0.210329 0.0513782 0.0128074 0.0105083 0.010815 0.00923223 0.0062227 0.00384603 0.00409758 0.0124712
 0.00028283 0.241757 0.248161 0.051478 0.101362 0.128568 0.10737 0.0588269 0.0215575 0.00790089 0.00516588 0.00549992 0.00676142 0.015309
 0.000309524 0.264574 0.271576 0.046808 0.0921638 0.116902 0.0976273 0.0534888 0.0196014 0.00718395 0.00469711 0.00500085 0.00614787 0.0139198
 0.000330124 0.282183 0.289644 0.0432041 0.085066 0.107899 0.0901087 0.0493695 0.0180918 0.00663069 0.00433537 0.00461572 0.00567441 0.0128478
 0.000357198 0.305325 0.31339 0.0384675 0.0757379 0.0960668 0.0802276 0.0439557 0.0161079 0.00590359 0.00385997 0.00410957 0.00505217 0.011439
 1.05228e-08 0.00092741 0.152039 0.296836 0.223481 0.0625034 0.0416312 0.0512203 0.0531223 0.0447319 0.0294298 0.0159595 0.00936221 0.0187565
 1.05228e-08 0.00092741 0.152039 0.296836 0.223481 0.0625034 0.0416312 0.0512203 0.0531223 0.0447319 0.0294298 0.0159595 0.00936221 0.0187565
 0.10634 0.00082879 0.135871 0.26527 0.199716 0.0558569 0.0372041 0.0457736 0.0474733 0.0399751 0.0263003 0.0142623 0.00836663 0.0167619
 0.10634 0.00082879 0.135871 0.26527 0.199716 0.0558569 0.0372041 0.0457736 0.0474733 0.0399751 0.0263003 0.0142623 0.00836663 0.0167619
 0.115207 0.000897901 0.147199 0.258171 0.194368 0.0543612 0.036208 0.0445479 0.0462021 0.0389047 0.025596 0.0138805 0.00814261 0.0163131
 0.119244 0.000929367 0.152357 0.254939 0.191934 0.0536803 0.0357544 0.0439899 0.0456234 0.0384174 0.0252754 0.0137066 0.00804061 0.0161088
 0.134996 0.00105213 0.172478 0.242329 0.182435 0.0510237 0.0339849 0.0418129 0.0433655 0.0365162 0.0240246 0.0130283 0.00764269 0.0153116
 0.134996 0.00105213 0.172478 0.242329 0.182435 0.0510237 0.0339849 0.0418129 0.0433655 0.0365162 0.0240246 0.0130283 0.00764269 0.0153116
 0.00636611 0.235243 0.235602 0.03655 0.0811787 0.110248 0.0944502 0.0537493 0.0245129 0.017541 0.0188364 0.0223046 0.0270118 0.0364066
 0.00682268 0.252114 0.252494 0.0341582 0.0758649 0.103031 0.0882677 0.050231 0.0229083 0.0163928 0.0176034 0.0208445 0.0252437 0.0340235
 0.00749404 0.276923 0.277332 0.0306411 0.0680514 0.0924199 0.0791768 0.0450576 0.020549 0.0147045 0.0157904 0.0186977 0.0226438 0.0305194
 0.00797762 0.294792 0.295221 0.0281077 0.0624236 0.0847768 0.072629 0.0413314 0.0188496 0.0134885 0.0144845 0.0171514 0.0207711 0.0279955
 2.28471e-07 0.020126 0.161963 0.278887 0.204984 0.0533592 0.0333508 0.0431465 0.0462722 0.0398083 0.0270543 0.0170136 0.0184357 0.0556001
 2.28471e-07 0.020126 0.161963 0.278887 0.204984 0.0533592 0.0333508 0.0431465 0.0462722 0.0398083 0.0270543 0.0170136 0.0184357 0.0556001
 0.246176 0.0151715 0.122091 0.210232 0.154522 0.0402234 0.0251406 0.0325249 0.0348811 0.0300085 0.0203942 0.0128253 0.0138973 0.0419127
 0.246176 0.0151715 0.122091 0.210232 0.154522 0.0402234 0.0251406 0.0325249 0.0348811 0.0300085 0.0203942 0.0128253 0.0138973 0.0419127
 0.268353 0.0165382 0.133088 0.198457 0.145864 0.0379698 0.0237321 0.0307026 0.0329268 0.0283272 0.0192515 0.0121067 0.0131187 0.0395645
 0.297511 0.0183352 0.147544 0.182976 0.134482 0.035007 0.0218802 0.0283068 0.0303575 0.0261168 0.0177493 0.011162 0.012095 0.0364772
 0.325311 0.0200485 0.161327 0.168215 0.12363 0.0321821 0.0201146 0.0260226 0.0279078 0.0240093 0.016317 0.0102613 0.011119 0.0335337
 0.325311 0.0200485 0.161327 0.168215 0.12363 0.0321821 0.0201146 0.0260226 0.0279078 0.0240093 0.016317 0.0102613 0.011119 0.0335337
 0.000466642 0.358892 0.363124 0.0443951 0.0477667 0.0507713 0.0410218 0.022731 0.00981282 0.00672961 0.00738937 0.00902611 0.0114012 0.0264719
 0.000476996 0.366856 0.371177 0.0418317 0.0450081 0.0478391 0.0386527 0.0214182 0.00924611 0.00634096 0.00696261 0.00850484 0.0107427 0.0249431
 0.000494694 0.380467 0.384941 0.0374502 0.0402931 0.0428275 0.0346034 0.0191744 0.00827749 0.00567668 0.00623322 0.00761388 0.00961732 0.0223301
 0.000513116 0.394635 0.399266 0.0328896 0.0353854 0.0376112 0.0303888 0.016839 0.0072693 0.00498527 0.00547401 0.00668651 0.00844593 0.0196103
 1.41138e-08 0.00124383 0.183606 0.357362 0.26553 0.0656109 0.0221865 0.020162 0.0191003 0.0156638 0.0103765 0.00628676 0.00657625 0.0262949
 1.41138e-08 0.00124383 0.183606 0.357362 0.26553 0.0656109 0.0221865 0.020162 0.0191003 0.0156638 0.0103765 0.00628676 0.00657625 0.0262949
 0.270522 0.000907344 0.133937 0.260688 0.193698 0.0478617 0.0161845 0.0147077 0.0139332 0.0114264 0.0075694 0.00458606 0.00479723 0.0191815
 0.270522 0.000907344 0.133937 0.260688 0.193698 0.0478617 0.0161845 0.0147077 0.0139332 0.0114264 0.0075694 0.00458606 0.00479723 0.0191815
 0.284543 0.000954373 0.140877 0.25148 0.186854 0.0461705 0.0156126 0.014188 0.0134409 0.0110226 0.00730193 0.00442401 0.00462772 0.0185037
 0.308226 0.00103381 0.152599 0.235926 0.175294 0.043314 0.0146467 0.0133102 0.0126093 0.0103407 0.00685017 0.0041503 0.00434141 0.017359
 0.337134 0.00113077 0.166907 0.21694 0.161183 0.0398274 0.0134677 0.0122388 0.0115943 0.00950829 0.00629875 0.00381622 0.00399194 0.0159616
 0.337134 0.00113077 0.166907 0.21694 0.161183 0.0398274 0.0134677 0.0122388 0.0115943 0.00950829 0.00629875 0.00381622 0.00399194 0.0159616
 0.00218525 0.364517 0.364765 0.0384659 0.0487244 0.0619065 0.0520607 0.0286968 0.0109303 0.00481177 0.00365753 0.00380853 0.00446583 0.0110047
 0.00223691 0.373134 0.373382 0.0359902 0.0455879 0.0579214 0.0487094 0.0268495 0.0102267 0.00450202 0.00342209 0.00356337 0.00417835 0.0102963
 0.00236935 0.395226 0.395475 0.0296428 0.0375464 0.0477043 0.0401172 0.0221133 0.00842275 0.00370788 0.00281845 0.0029348 0.00344131 0.00848004
 0.00241779 0.403307 0.403555 0.0273211 0.0346052 0.0439674 0.0369746 0.0203811 0.00776294 0.00341742 0.00259766 0.0027049 0.00317173 0.00781575
 6.52128e-08 0.00574503 0.188497 0.357798 0.263354 0.062916 0.0213314 0.0221539 0.0228395 0.0193141 0.0127776 0.00711218 0.00475971 0.0114011
 6.52128e-08 0.00574503 0.188497 0.357798 0.263354 0.062916 0.0213314 0.0221539 0.0228395 0.0193141 0.0127776 0.00711218 0.00475971 0.0114011
 0.169193 0.00477301 0.156605 0.297261 0.218796 0.0522711 0.0177222 0.0184056 0.0189752 0.0160463 0.0106157 0.00590885 0.0039544 0.0094721
 0.169193 0.00477301 0.156605 0.297261 0.218796 0.0522711 0.0177222 0.0184056 0.0189752 0.0160463 0.0106157 0.00590885 0.0039544 0.0094721
 0.187961 0.00530246 0.173972 0.280984 0.206811 0.0494077 0.0167514 0.0173974 0.0179357 0.0151672 0.0100342 0.00558517 0.00373778 0.00895323
 0.209048 0.00589733 0.193485 0.262695 0.193345 0.0461906 0.0156607 0.0162646 0.0167679 0.0141797 0.00938084 0.0052215 0.0034944 0.00837025
 0.225715 0.00636751 0.208907 0.248239 0.182702 0.0436479 0.0147986 0.0153692 0.0158449 0.0133991 0.00886445 0.00493407 0.00330204 0.0079095
 0.225715 0.00636751 0.208907 0.248239 0.182702 0.0436479 0.0147986 0.0153692 0.0158449 0.0133991 0.00886445 0.00493407 0.00330204 0.0079095
 0.000292539 0.308943 0.310617 0.0432254 0.0761889 0.0908929 0.075039 0.040921 0.0153058 0.00683264 0.00568629 0.0064363 0.00780472 0.0118152
 0.000305265 0.322382 0.324124 0.0401605 0.0707856 0.0844468 0.0697172 0.0380188 0.0142203 0.00634807 0.00528301 0.00597984 0.00725121 0.0109773
 0.000316805 0.334569 0.336372 0.0373813 0.065886 0.0786016 0.0648916 0.0353873 0.013236 0.00590867 0.00491734 0.00556593 0.0067493 0.0102174
 0.000334029 0.352759 0.35465 0.0332333 0.0585735 0.0698779 0.0576895 0.0314598 0.011767 0.00525289 0.00437158 0.00494819 0.00600022 0.00908344
 9.5323e-09 0.000840213 0.169964 0.331046 0.245105 0.0626952 0.0318608 0.0361712 0.0364674 0.0304056 0.0199325 0.0109857 0.00760591 0.0169204
 9.5323e-09 0.000840213 0.169964 0.331046 0.245105 0.0626952 0.0318608 0.0361712 0.0364674 0.0304056 0.0199325 0.0109857 0.00760591 0.0169204
 0.140099 0.000722501 0.146152 0.284667 0.210766 0.0539117 0.0273971 0.0311037 0.0313584 0.0261458 0.01714 0.00944665 0.00654034 0.0145499
 0.140099 0.000722501 0.146152 0.284667 0.210766 0.0539117 0.0273971 0.0311037 0.0313584 0.0261458 0.01714 0.00944665 0.00654034 0.0145499
 0.15494 0.000799038 0.161631 0.272535 0.201779 0.051613 0.026229 0.0297775 0.0300213 0.025031 0.0164092 0.00904386 0.00626146 0.0139295
 0.161405 0.000832382 0.168374 0.267249 0.197864 0.0506116 0.0257201 0.0291997 0.0294388 0.0245454 0.0160908 0.00886839 0.00613998 0.0136592
 0.169681 0.00087506 0.177005 0.260484 0.192854 0.0493298 0.0250687 0.0284602 0.0286933 0.0239238 0.0156833 0.0086438 0.00598448 0.0133133
 0.169681 0.00087506 0.177005 0.260484 0.192854 0.0493298 0.0250687 0.0284602 0.0286933 0.0239238 0.0156833 0.0086438 0.00598448 0.0133133
 0.00230596 0.268361 0.268636 0.0375785 0.0761359 0.106847 0.0911347 0.0506051 0.0208253 0.0122021 0.0118209 0.0135026 0.0161329 0.0239121
 0.00249732 0.290631 0.29092 0.0339295 0.0687409 0.0964694 0.0822829 0.0456899 0.0188026 0.0110169 0.0106727 0.0121911 0.0145659 0.0215896
 0.00260615 0.303296 0.303593 0.0318542 0.0645355 0.0905676 0.077249 0.0428947 0.0176523 0.0103429 0.0100198 0.0114453 0.0136748 0.0202688
 0.0027165 0.316138 0.316443 0.0297499 0.0602712 0.0845832 0.0721447 0.0400604 0.0164859 0.00965951 0.00935771 0.010689 0.0127712 0.0189295
 7.89534e-08 0.00695532 0.161321 0.302395 0.222902 0.0572833 0.0325258 0.0419362 0.0453765 0.0388875 0.0259595 0.0152303 0.0133729 0.0358547
 7.89534e-08 0.00695532 0.161321 0.302395 0.222902 0.0572833 0.0325258 0.0419362 0.0453765 0.0388875 0.0259595 0.0152303 0.0133729 0.0358547
 0.121152 0.00611267 0.141777 0.265759 0.195897 0.0503433 0.0285852 0.0368556 0.0398791 0.0341762 0.0228144 0.0133851 0.0117528 0.0315108
 0.121152 0.00611267 0.141777 0.265759 0.195897 0.0503433 0.0285852 0.0368556 0.0398791 0.0341762 0.0228144 0.0133851 0.0117528 0.0315108
 0.13344 0.00673266 0.156153 0.255842 0.188584 0.0484638 0.027518 0.0354796 0.0383902 0.0329003 0.0219627 0.0128854 0.011314 0.0303344
 0.145422 0.00733724 0.170173 0.246171 0.181452 0.046631 0.0264774 0.0341379 0.0369384 0.0316561 0.0211321 0.0123981 0.0108861 0.0291872
 0.163854 0.00826718 0.191736 0.231296 0.170483 0.043812 0.0248767 0.0320742 0.0347054 0.0297424 0.0198546 0.0116486 0.010228 0.0274228
 0.163854 0.00826718 0.191736 0.231296 0.170483 0.043812 0.0248767 0.0320742 0.0347054 0.0297424 0.0198546 0.0116486 0.010228 0.0274228
 0.0169266 0.258783 0.261284 0.0419182 0.0808322 0.0974969 0.0807488 0.044736 0.018823 0.0121273 0.0130746 0.0160209 0.0200055 0.0372233
 0.0181457 0.277421 0.280095 0.0384182 0.0740813 0.0893542 0.0740048 0.0409998 0.017251 0.0111145 0.0119827 0.0146829 0.0183347 0.0341145
 0.0183483 0.28052 0.283222 0.0378363 0.0729589 0.0880005 0.0728837 0.0403786 0.0169896 0.0109461 0.0118011 0.0144604 0.018057 0.0335977
 0.0189373 0.289524 0.29231 0.0361454 0.0696976 0.0840668 0.0696257 0.0385737 0.0162302 0.0104568 0.0112736 0.013814 0.0172498 0.0320958
 5.25771e-07 0.0463145 0.18136 0.267894 0.196925 0.0543854 0.0349492 0.0415295 0.0421576 0.0352973 0.0234487 0.0139781 0.0138282 0.0479317
 5.25771e-07 0.0463145 0.18136 0.267894 0.196925 0.0543854 0.0349492 0.0415295 0.0421576 0.0352973 0.0234487 0.0139781 0.0138282 0.0479317
 0.350433 0.0300844 0.117806 0.174015 0.127916 0.035327 0.0227019 0.0269762 0.0273842 0.022928 0.0152315 0.00907975 0.00898235 0.0311349
 0.350433 0.0300844 0.117806 0.174015 0.127916 0.035327 0.0227019 0.0269762 0.0273842 0.022928 0.0152315 0.00907975 0.00898235 0.0311349
 0.373968 0.0321048 0.125715 0.16241 0.119382 0.0329703 0.0211874 0.0251766 0.0255574 0.0213984 0.0142154 0.00847402 0.00838312 0.0290578
 0.39243 0.0336898 0.131919 0.153305 0.112688 0.0311216 0.0199994 0.0237649 0.0241243 0.0201986 0.0134183 0.00799887 0.00791307 0.0274285
 0.417734 0.0358621 0.140422 0.140827 0.103514 0.0285878 0.0183711 0.0218301 0.0221602 0.0185541 0.0123259 0.00734764 0.00726882 0.0251954
 0.417734 0.0358621 0.140422 0.140827 0.103514 0.0285878 0.0183711 0.0218301 0.0221602 0.0185541 0.0123259 0.00734764 0.00726882 0.0251954
 0.0220254 0.38174 0.388006 0.0463198 0.0351976 0.0354844 0.028468 0.0159723 0.00716733 0.00496808 0.00518032 0.00601238 0.00729113 0.0161673
 0.0225112 0.39016 0.396557 0.0424369 0.0322465 0.0325093 0.0260812 0.0146331 0.0065664 0.00455154 0.00474599 0.00550829 0.00667982 0.0148118
 0.0230486 0.399474 0.406016 0.0381421 0.0289825 0.0292186 0.0234412 0.0131519 0.00590174 0.00409082 0.00426559 0.00495073 0.00600368 0.0133125
 0.023303 0.403883 0.410493 0.036109 0.0274374 0.0276609 0.0221915 0.0124508 0.00558711 0.00387273 0.00403819 0.0046868 0.00568361 0.0126028
 5.74863e-07 0.050639 0.218027 0.331922 0.245004 0.0624207 0.0188119 0.0148215 0.0135633 0.0110564 0.00737626 0.00456744 0.00474002 0.0170506
 5.74863e-07 0.050639 0.218027 0.331922 0.245004 0.0624207 0.0188119 0.0148215 0.0135633 0.0110564 0.00737626 0.00456744 0.00474002 0.0170506
 0.368875 0.0319595 0.137602 0.209484 0.154628 0.0393953 0.0118726 0.00935424 0.00856013 0.00697795 0.00465534 0.00288263 0.00299155 0.0107611
 0.368875 0.0319595 0.137602 0.209484 0.154628 0.0393953 0.0118726 0.00935424 0.00856013 0.00697795 0.00465534 0.00288263 0.00299155 0.0107611
 0.377166 0.0326779 0.140694 0.203993 0.150573 0.0383623 0.0115613 0.00910896 0.00833567 0.00679498 0.00453327 0.00280704 0.00291311 0.0104789
 0.391641 0.033932 0.146092 0.194405 0.143495 0.0365589 0.0110178 0.00868075 0.00794381 0.00647555 0.00432016 0.00267508 0.00277616 0.00998628
 0.411264 0.0356321 0.153409 0.181408 0.133899 0.0341141 0.0102811 0.00810026 0.0074126 0.00604252 0.00403127 0.0024962 0.00259052 0.00931849
 0.411264 0.0356321 0.153409 0.181408 0.133899 0.0341141 0.0102811 0.00810026 0.0074126 0.00604252 0.00403127 0.0024962 0.00259052 0.00931849
 0.000788637 0.387979 0.394405 0.0480581 0.0401034 0.0458696 0.0378711 0.0209419 0.00799799 0.00326159 0.00219215 0.00215344 0.00249494 0.00588343
 0.000811061 0.399011 0.405611 0.0431249 0.035986 0.0411602 0.0339829 0.0187918 0.00717685 0.00292672 0.00196709 0.00193235 0.00223879 0.00527939
 0.00081967 0.403246 0.409914 0.0412309 0.0344053 0.0393522 0.0324902 0.0179664 0.0068616 0.00279817 0.00188068 0.00184747 0.00214045 0.00504749
 0.00082587 0.406296 0.413011 0.0398672 0.0332671 0.0380504 0.0314154 0.017372 0.00663461 0.0027056 0.00181847 0.00178635 0.00206964 0.00488051
 2.22245e-08 0.00195829 0.185644 0.360294 0.269008 0.0705857 0.0239164 0.021188 0.0206659 0.0172098 0.0113731 0.00631593 0.0039409 0.00790011
 2.22245e-08 0.00195829 0.185644 0.360294 0.269008 0.0705857 0.0239164 0.021188 0.0206659 0.0172098 0.0113731 0.00631593 0.0039409 0.00790011
 0.0899297 0.00178218 0.168949 0.327893 0.244816 0.064238 0.0217656 0.0192826 0.0188074 0.0156622 0.0103504 0.00574794 0.0035865 0.00718966
 0.0899297 0.00178218 0.168949 0.327893 0.244816 0.064238 0.0217656 0.0192826 0.0188074 0.0156622 0.0103504 0.00574794 0.0035865 0.00718966
 0.099761 0.00197701 0.187415 0.315261 0.23538 0.0617619 0.0209266 0.0185393 0.0180824 0.0150585 0.00995139 0.00552638 0.00344825 0.00691253
 0.110643 0.00219267 0.207854 0.301277 0.224935 0.0590212 0.019998 0.0177166 0.01728 0.0143902 0.0095098 0.00528115 0.00329524 0.00660579
 0.115403 0.002287 0.216794 0.295161 0.220366 0.0578225 0.0195918 0.0173568 0.0169291 0.014098 0.00931666 0.00517389 0.00322831 0.00647162
 0.115403 0.002287 0.216794 0.295161 0.220366 0.0578225 0.0195918 0.0173568 0.0169291 0.014098 0.00931666 0.00517389 0.00322831 0.00647162
 0.00159428 0.214461 0.21528 0.0421044 0.108275 0.143806 0.12207 0.0682739 0.0268659 0.0119584 0.00899466 0.00949902 0.0112252 0.015592
 0.00170206 0.22896 0.22983 0.0399464 0.102723 0.136433 0.115811 0.0647734 0.0254885 0.0113453 0.00853349 0.00901199 0.0106497 0.0147926
 0.00177791 0.239162 0.240069 0.0384276 0.0988168 0.131244 0.111407 0.06231 0.0245191 0.0109138 0.00820895 0.00866926 0.0102446 0.01423
 0.00184104 0.247655 0.248591 0.0371635 0.0955652 0.126925 0.107741 0.0602597 0.0237123 0.0105547 0.00793883 0.00838399 0.00990754 0.0137617
 5.54826e-08 0.00488774 0.130275 0.245686 0.18238 0.0558337 0.0529549 0.0711925 0.0756898 0.0645996 0.0431846 0.0244781 0.0166932 0.0321446
 5.54826e-08 0.00488774 0.130275 0.245686 0.18238 0.0558337 0.0529549 0.0711925 0.0756898 0.0645996 0.0431846 0.0244781 0.0166932 0.0321446
 0.239524 0.00371701 0.0990711 0.186839 0.138695 0.0424602 0.0402709 0.0541402 0.0575603 0.0491265 0.0328409 0.018615 0.0126948 0.0244452
 0.239524 0.00371701 0.0990711 0.186839 0.138695 0.0424602 0.0402709 0.0541402 0.0575603 0.0491265 0.0328409 0.018615 0.0126948 0.0244452
 0.273688 0.00424719 0.113199 0.172973 0.128399 0.0393079 0.0372812 0.0501208 0.053287 0.0454793 0.0304027 0.017233 0.0117523 0.0226304
 0.306274 0.00475287 0.126673 0.159747 0.118578 0.0363014 0.0344296 0.0462872 0.0492112 0.0420007 0.0280773 0.0159149 0.0108534 0.0208994
 0.333986 0.00518292 0.138131 0.148499 0.110226 0.0337446 0.0320047 0.0430271 0.0457452 0.0390425 0.0260998 0.014794 0.010089 0.0194274
 0.333986 0.00518292 0.138131 0.148499 0.110226 0.0337446 0.0320047 0.0430271 0.0457452 0.0390425 0.0260998 0.014794 0.010089 0.0194274
 0.000495549 0.363831 0.364922 0.0379337 0.0401169 0.044013 0.0359774 0.0207652 0.0108865 0.00999107 0.011928 0.0146169 0.0181083 0.0264149
 0.000510485 0.374797 0.375915 0.0348554 0.0368608 0.0404407 0.0330573 0.0190798 0.0100029 0.00918015 0.0109599 0.0134305 0.0166386 0.024271
 0.000524405 0.385017 0.386159 0.0319868 0.0338267 0.0371119 0.0303362 0.0175092 0.00917952 0.00842449 0.0100577 0.012325 0.015269 0.0222731
 0.000544245 0.399584 0.400759 0.0278981 0.0295021 0.0323673 0.0264579 0.0152708 0.00800597 0.00734746 0.0087719 0.0107493 0.0133169 0.0194256
 1.47904e-08 0.00130343 0.183737 0.356986 0.263483 0.0635123 0.0198611 0.0179843 0.0173001 0.0143725 0.00983523 0.00681703 0.00968184 0.0351255
 1.47904e-08 0.00130343 0.183737 0.356986 0.263483 0.0635123 0.0198611 0.0179843 0.0173001 0.0143725 0.00983523 0.00681703 0.00968184 0.0351255
 0.258421 0.000966596 0.136256 0.264734 0.195393 0.0470994 0.0147286 0.0133368 0.0128294 0.0106583 0.0072936 0.00505536 0.00717985 0.0260484
 0.258421 0.000966596 0.136256 0.264734 0.195393 0.0470994 0.0147286 0.0133368 0.0128294 0.0106583 0.0072936 0.00505536 0.00717985 0.0260484
 0.277269 0.0010371 0.146191 0.252097 0.186063 0.0448504 0.0140253 0.0126999 0.0122168 0.0101494 0.00694532 0.00481397 0.006837 0.0248045
 0.298199 0.00111538 0.157223 0.238064 0.175703 0.042353 0.0132443 0.0119928 0.0115365 0.00958426 0.0065586 0.00454592 0.00645631 0.0234234
 0.318902 0.00119282 0.168136 0.224183 0.165455 0.0398828 0.0124719 0.0112933 0.0108636 0.00902526 0.00617607 0.00428078 0.00607975 0.0220572
 0.318902 0.00119282 0.168136 0.224183 0.165455 0.0398828 0.0124719 0.0112933 0.0108636 0.00902526 0.00617607 0.00428078 0.00607975 0.0220572
 0.00563135 0.355864 0.356132 0.0383043 0.0507649 0.0657705 0.0552779 0.0302597 0.0112688 0.00471653 0.00349938 0.00367329 0.00445092 0.014386
 0.00577735 0.36509 0.36536 0.0357816 0.047421 0.061438 0.0516367 0.0282665 0.0105265 0.00440584 0.00326887 0.00343132 0.00415773 0.0134383
 0.00600601 0.37954 0.379812 0.0318305 0.0421837 0.0546528 0.0459339 0.0251447 0.00936398 0.00391926 0.00290786 0.00305237 0.00369855 0.0119542
 0.0062656 0.395945 0.396217 0.0273452 0.0362384 0.0469501 0.03946 0.0216008 0.00804424 0.00336689 0.00249803 0.00262217 0.00317728 0.0102694
 1.67575e-07 0.0147619 0.192669 0.348994 0.256408 0.0612967 0.0214159 0.0228312 0.0237256 0.0200605 0.0132115 0.00725415 0.00466949 0.0127019
 1.67575e-07 0.0147619 0.192669 0.348994 0.256408 0.0612967 0.0214159 0.0228312 0.0237256 0.0200605 0.0132115 0.00725415 0.00466949 0.0127019
 0.111478 0.0131163 0.171191 0.310089 0.227824 0.0544635 0.0190285 0.020286 0.0210807 0.0178242 0.0117388 0.00644547 0.00414895 0.0112859
 0.111478 0.0131163 0.171191 0.310089 0.227824 0.0544635 0.0190285 0.020286 0.0210807 0.0178242 0.0117388 0.00644547 0.00414895 0.0112859
 0.123816 0.014568 0.190134 0.295679 0.217232 0.0519314 0.0181438 0.0193429 0.0201006 0.0169955 0.011193 0.00614581 0.00395606 0.0107612
 0.139944 0.0164656 0.214895 0.276843 0.203388 0.0486218 0.0169875 0.0181102 0.0188196 0.0159124 0.0104797 0.00575414 0.00370394 0.0100754
 0.146536 0.0172411 0.225014 0.269145 0.19773 0.0472693 0.016515 0.0176064 0.0182961 0.0154698 0.0101882 0.00559408 0.0036009 0.00979514
 0.146536 0.0172411 0.225014 0.269145 0.19773 0.0472693 0.016515 0.0176064 0.0182961 0.0154698 0.0101882 0.00559408 0.0036009 0.00979514
 0.000259157 0.246276 0.251812 0.0506122 0.101191 0.120897 0.0997816 0.0543933 0.0204241 0.00931841 0.00795461 0.00910031 0.0110348 0.0169455
 0.00027984 0.265931 0.271903 0.0466011 0.0931695 0.111313 0.0918716 0.0500814 0.018805 0.00857971 0.00732402 0.0083789 0.01016 0.0156022
 0.000295704 0.281006 0.287311 0.0435246 0.0870171 0.103962 0.0858049 0.0467743 0.0175632 0.00801315 0.00684038 0.0078256 0.00948908 0.0145719
 0.000309108 0.293745 0.300331 0.040925 0.0818186 0.0977516 0.0806788 0.0439799 0.0165139 0.00753444 0.00643173 0.00735808 0.00892219 0.0137013
 9.20919e-09 0.000811682 0.147837 0.288612 0.216917 0.0626957 0.044862 0.0538277 0.0544252 0.0453765 0.0297438 0.0164365 0.0116267 0.0268281
 9.20919e-09 0.000811682 0.147837 0.288612 0.216917 0.0626957 0.044862 0.0538277 0.0544252 0.0453765 0.0297438 0.0164365 0.0116267 0.0268281
 0.102948 0.00072812 0.132618 0.2589 0.194586 0.0562412 0.0402435 0.0482863 0.0488223 0.040705 0.0266817 0.0147444 0.0104298 0.0240662
 0.102948 0.00072812 0.132618 0.2589 0.194586 0.0562412 0.0402435 0.0482863 0.0488223 0.040705 0.0266817 0.0147444 0.0104298 0.0240662
 0.113639 0.000803731 0.146386 0.250585 0.188334 0.0544341 0.0389504 0.0467347 0.0472535 0.0393971 0.0258244 0.0142706 0.0100946 0.0232929
 0.125929 0.000890656 0.162215 0.241027 0.181146 0.0523566 0.0374638 0.0449511 0.04545 0.0378935 0.0248388 0.013726 0.00970938 0.0224039
 0.139795 0.000988728 0.180073 0.230242 0.173037 0.0500128 0.0357867 0.0429388 0.0434154 0.0361971 0.0237268 0.0131115 0.00927472 0.0214009
 0.139795 0.000988728 0.180073 0.230242 0.173037 0.0500128 0.0357867 0.0429388 0.0434154 0.0361971 0.0237268 0.0131115 0.00927472 0.0214009
 0.00704384 0.239868 0.240201 0.0373704 0.0825153 0.104536 0.088356 0.0505905 0.0238794 0.0178624 0.0190662 0.0221241 0.0264831 0.0401027
 0.00742234 0.252758 0.253105 0.0354639 0.0783046 0.0992019 0.0838472 0.0480089 0.0226608 0.0169509 0.0180932 0.0209951 0.0251317 0.0380563
 0.00799988 0.272425 0.272793 0.032555 0.07188 0.0910627 0.0769679 0.0440699 0.0208016 0.0155601 0.0166088 0.0192725 0.0230697 0.0349339
 0.00867954 0.29557 0.295961 0.0291316 0.0643195 0.0814845 0.0688722 0.0394345 0.0186136 0.0139235 0.0148618 0.0172454 0.0206432 0.0312595
 2.47931e-07 0.0218401 0.163683 0.27902 0.205017 0.0537867 0.0340833 0.0423827 0.0441497 0.037613 0.0256335 0.0164742 0.018491 0.0578258
 2.47931e-07 0.0218401 0.163683 0.27902 0.205017 0.0537867 0.0340833 0.0423827 0.0441497 0.037613 0.0256335 0.0164742 0.018491 0.0578258
 0.204624 0.0173711 0.13019 0.221926 0.163065 0.0427807 0.0271091 0.0337102 0.0351156 0.0299165 0.0203883 0.0131032 0.0147073 0.0459933
 0.204624 0.0173711 0.13019 0.221926 0.163065 0.0427807 0.0271091 0.0337102 0.0351156 0.0299165 0.0203883 0.0131032 0.0147073 0.0459933
 0.219378 0.0186236 0.139575 0.213229 0.156673 0.0411036 0.0260464 0.0323887 0.033739 0.0287437 0.0195891 0.0125895 0.0141308 0.0441903
 0.232585 0.0197449 0.147976 0.205445 0.150951 0.0396024 0.0250951 0.0312058 0.0325068 0.0276939 0.0188736 0.0121297 0.0136147 0.0425763
 0.245052 0.0208031 0.155905 0.198097 0.14555 0.0381855 0.0241972 0.0300893 0.0313438 0.0267031 0.0181984 0.0116957 0.0131276 0.041053
 0.245052 0.0208031 0.155905 0.198097 0.14555 0.0381855 0.0241972 0.0300893 0.0313438 0.0267031 0.0181984 0.0116957 0.0131276 0.041053
 0.000393191 0.319768 0.324958 0.0446473 0.0555977 0.0684719 0.0569998 0.0317039 0.013786 0.0094672 0.0101419 0.0120773 0.0151034 0.036884
 0.000409116 0.33272 0.338114 0.0413613 0.0515049 0.0634313 0.0528038 0.02937 0.0127712 0.00877027 0.00939532 0.0111883 0.0139915 0.0341688
 0.000418434 0.340297 0.345811 0.0394388 0.0491104 0.0604824 0.0503489 0.0280046 0.0121774 0.00836254 0.00895853 0.0106681 0.0133411 0.0325803
 0.000431403 0.350845 0.356524 0.0367628 0.0457775 0.0563777 0.0469319 0.026104 0.011351 0.00779501 0.00835055 0.00994412 0.0124357 0.0303692
 1.23166e-08 0.00108547 0.169366 0.330007 0.246317 0.0643802 0.0274024 0.0289875 0.0294703 0.0247735 0.0165268 0.0100622 0.0104068 0.0412151
 1.23166e-08 0.00108547 0.169366 0.330007 0.246317 0.0643802 0.0274024 0.0289875 0.0294703 0.0247735 0.0165268 0.0100622 0.0104068 0.0412151
 0.290093 0.000770584 0.120234 0.234274 0.174862 0.0457039 0.0194531 0.0205785 0.0209212 0.0175869 0.0117325 0.00714324 0.00738783 0.0292589
 0.290093 0.000770584 0.120234 0.234274 0.174862 0.0457039 0.0194531 0.0205785 0.0209212 0.0175869 0.0117325 0.00714324 0.00738783 0.0292589
 0.317337 0.000842952 0.131523 0.218919 0.163398 0.0427075 0.0181778 0.0192293 0.0195495 0.0164338 0.0109633 0.00667492 0.00690347 0.0273406
