# simulated mantis shrimp data file
# start_mo
1
# end_mo
156
# number of sizes
14
# sizes
55 65 75 85 95 105 115 125 135 145 155 165 175 185
# number of survey months
56
# survey months
5 8 10 15 16 20 24 25 30 32 35 40 45 48 50 55 56 60 64 65 70 72 75 80 85 88 90 95 96 97 98 99 100 101 102 103 104 105 106 107 108 110 112 115 120 125 128 130 135 136 140 144 145 150 152 155
# survey numbers
343467177 323664384 227341622 1777360713 1625976103 772041373 537269717 468881979 453780875 452658765 439830588 787970452 973810706 455050397 394962538 679205565 667997545 288962960 473096112 409114839 353097256 364801041 443190322 443315243 279790802 746089650 600297083 461486613 437812199 363566669 464150577 1357724908 1542022683 862995810 832989857 710332443 984527919 867250279 796229740 442078064 387829417 326348931 382350368 271674986 113481279 263080798 395831092 349208205 734216650 764325966 610433235 364703175 300363012 629800118 639710874 475484282
# survey size composition
0.002 0.5045 0.4872 0.0063 0 0 0 0 0 0 0 0 0 0
0.3301 0.0036 0.1129 0.2919 0.237 0.0243 2e-04 0 0 0 0 0 0 0
0.3233 0.0041 0.1221 0.2962 0.2299 0.0236 8e-04 0 0 0 0 0 0 0
0.0018 0.4382 0.4847 0.0107 0.0121 0.0247 0.0191 0.0076 0.0011 0 0 0 0 0
0.0017 0.4415 0.4885 0.0102 0.0129 0.0178 0.019 0.0072 0.0012 0 0 0 0 0
0.0791 0.0038 0.1499 0.3839 0.3141 0.0297 0.0057 0.008 0.0117 0.0092 0.0041 7e-04 1e-04 0
0.1299 0.0056 0.1831 0.3419 0.2735 0.0285 0.0056 0.01 0.0104 0.0076 0.0033 6e-04 0 0
0.1328 0.0065 0.1736 0.3509 0.272 0.0268 0.0066 0.0085 0.0091 0.008 0.0045 5e-04 1e-04 1e-04
0.0017 0.3439 0.3282 0.0173 0.0626 0.1078 0.0847 0.0355 0.0066 0.0018 0.0025 0.0026 0.002 0.0028
0.2453 0.0029 0.0887 0.2328 0.1876 0.028 0.0277 0.0511 0.0537 0.0445 0.0232 0.0056 9e-04 0.008
0.3073 0.0025 0.093 0.2121 0.1702 0.0259 0.0278 0.0442 0.0465 0.0394 0.019 0.0044 0.0014 0.0063
0.0012 0.3993 0.4381 0.0108 0.0218 0.0372 0.0332 0.0122 0.0057 0.0055 0.009 0.0089 0.0073 0.0098
0.2756 0.0043 0.1154 0.2845 0.2205 0.0275 0.0072 0.0126 0.0129 0.0109 0.0055 0.0027 0.0027 0.0177
0.3571 0.0043 0.1224 0.251 0.1848 0.0201 0.0065 0.0099 0.012 0.0109 0.0045 0.0019 0.0017 0.0129
0.4864 0.0033 0.1008 0.199 0.1476 0.015 0.0052 0.007 0.0095 0.0073 0.0038 0.0015 0.0012 0.0124
0 0.0047 0.1569 0.3953 0.3042 0.0352 0.0139 0.0226 0.0259 0.0195 0.0096 0.0029 0.0013 0.008
0.0379 0.0034 0.1515 0.3849 0.2872 0.0316 0.0113 0.026 0.0219 0.0192 0.0091 0.0029 0.0015 0.0116
0.0699 0.007 0.183 0.3486 0.2686 0.0305 0.0113 0.019 0.0213 0.0193 0.0087 0.0026 8e-04 0.0094
0.0012 0.3411 0.3773 0.0159 0.0517 0.0849 0.068 0.0307 0.0047 0.0033 0.0064 0.0059 0.0034 0.0055
0.0015 0.3594 0.3734 0.015 0.048 0.0824 0.0637 0.0275 0.006 0.0034 0.0036 0.0041 0.005 0.007
0.1573 0.0027 0.1192 0.2979 0.2258 0.0297 0.0234 0.0384 0.0376 0.0345 0.0154 0.0042 0.0018 0.0121
0.1944 0.0049 0.1292 0.2652 0.2125 0.0281 0.0224 0.0371 0.0377 0.0331 0.0163 0.0044 0.0015 0.0132
0.0013 0.3517 0.402 0.0136 0.0353 0.0641 0.0555 0.0224 0.0064 0.0065 0.009 0.0092 0.0077 0.0153
0.3351 0.0026 0.0997 0.2502 0.1891 0.0219 0.0121 0.0191 0.0209 0.0175 0.0065 0.003 0.0026 0.0197
0.417 0.003 0.0991 0.2113 0.1564 0.0184 0.0107 0.0165 0.0195 0.0185 0.0071 0.0033 0.0026 0.0166
0.0014 0.4254 0.4428 0.0104 0.0196 0.0379 0.0296 0.0108 0.003 0.0018 0.0023 0.0036 0.0037 0.0077
0.0018 0.4624 0.427 0.0105 0.0152 0.0313 0.0238 0.0102 0.0019 0.0019 0.003 0.0031 0.0028 0.0051
0.2219 0.0047 0.1359 0.2993 0.2407 0.0263 0.0094 0.0125 0.0174 0.0142 0.0055 0.0015 8e-04 0.0099
0.2573 0.0046 0.1438 0.2861 0.2202 0.0226 0.0103 0.0139 0.0131 0.0115 0.0051 0.001 0.0016 0.0089
0.261 0.0054 0.139 0.2889 0.218 0.0234 0.0078 0.0117 0.0144 0.0141 0.0055 0.0011 9e-04 0.0088
0.551 0.0026 0.0846 0.1727 0.1294 0.0154 0.0049 0.0079 0.0101 0.0077 0.0043 7e-04 7e-04 0.008
0.0021 0.4054 0.4641 0.0123 0.0226 0.0359 0.0321 0.0128 0.0023 0.0018 0.0017 0.0028 6e-04 0.0035
0.0017 0.438 0.4428 0.0119 0.0211 0.0347 0.0253 0.0122 0.0027 0.001 0.0019 0.0022 0.0014 0.0031
0.0012 0.4568 0.4317 0.0108 0.0174 0.0325 0.027 0.0107 0.0025 0.001 0.0015 0.0022 0.0016 0.0031
0.0021 0.4857 0.413 0.0099 0.0185 0.0289 0.024 0.0093 0.0018 7e-04 0.001 0.0014 0.0013 0.0024
0 0.0056 0.1602 0.4249 0.2967 0.0309 0.013 0.0162 0.02 0.0176 0.0073 0.0021 7e-04 0.0048
0.0464 0.0056 0.1566 0.3974 0.2895 0.0319 0.0085 0.0169 0.0187 0.0152 0.0061 0.0017 6e-04 0.0049
0.0437 0.0037 0.1524 0.3999 0.2999 0.029 0.0116 0.0148 0.0177 0.0141 0.0061 0.0016 4e-04 0.0051
0.0531 0.005 0.1648 0.3801 0.2909 0.0327 0.009 0.0166 0.0172 0.0145 0.0066 0.0022 7e-04 0.0066
0.0562 0.006 0.1699 0.3803 0.2843 0.0292 0.0096 0.0163 0.0179 0.0144 0.0064 0.0015 6e-04 0.0074
0.0651 0.0066 0.181 0.3749 0.2716 0.0288 0.01 0.0166 0.0189 0.0135 0.0059 0.0017 8e-04 0.0046
0.1208 0.0056 0.1706 0.3433 0.2648 0.0294 0.0108 0.013 0.0167 0.0127 0.0044 0.0017 0.001 0.0052
4e-04 0.2216 0.2241 0.0251 0.0932 0.1881 0.14 0.0563 0.0113 0.005 0.009 0.0073 0.0069 0.0117
0 0.0031 0.0987 0.2395 0.1834 0.0328 0.061 0.098 0.1121 0.0869 0.042 0.0096 0.0047 0.0282
0.2473 0.0035 0.0937 0.1779 0.1346 0.0253 0.0391 0.0708 0.0793 0.0665 0.0295 0.007 0.004 0.0215
0.0021 0.4651 0.4069 0.0093 0.012 0.0228 0.0178 0.0094 0.0044 0.0072 0.0102 0.0124 0.0088 0.0116
0.41 0.0027 0.0961 0.2396 0.1784 0.0166 0.0065 0.0074 0.0082 0.0062 0.0026 0.0021 0.0026 0.021
0.4602 0.0038 0.0974 0.2137 0.1561 0.0167 0.005 0.0073 0.0082 0.0072 0.002 0.0016 0.0024 0.0184
0.0018 0.4228 0.4796 0.0113 0.0134 0.028 0.025 0.0084 0.0016 4e-04 6e-04 0.0013 6e-04 0.0052
0.002 0.4553 0.4618 0.0093 0.0104 0.0285 0.0168 0.0075 0.0017 5e-04 0.0013 0.0012 3e-04 0.0034
0.1172 0.0046 0.1539 0.3701 0.2776 0.0293 0.006 0.009 0.0117 0.0111 0.0034 0.0011 2e-04 0.0048
0.1849 0.0068 0.1726 0.33 0.2451 0.0234 0.0041 0.0085 0.0088 0.0083 0.0046 3e-04 2e-04 0.0024
0.1845 0.0071 0.1754 0.3226 0.247 0.0229 0.0055 0.0082 0.0116 0.0075 0.0033 8e-04 3e-04 0.0033
0.0014 0.4269 0.3832 0.014 0.0356 0.0623 0.0441 0.0215 0.003 9e-04 0.002 0.0018 0.0012 0.0021
0.2255 0.0037 0.1122 0.2816 0.2269 0.0264 0.0178 0.0301 0.0301 0.0239 0.013 0.0024 0.0012 0.0052
0.2789 0.0046 0.1167 0.2608 0.2029 0.0236 0.0188 0.0239 0.0292 0.0211 0.0108 0.0031 0.0011 0.0045
# number of catch months
91
# all catch months
3 4 5 6 10 11 12 15 16 17 18 22 23 24 27 28 29 30 34 35 36 39 40 41 42 46 47 48 51 52 53 54 58 59 60 63 64 65 66 70 71 72 75 76 77 78 82 83 84 87 88 89 90 94 95 96 99 100 101 102 106 107 108 111 112 113 114 118 119 120 123 124 125 126 130 131 132 135 136 137 138 142 143 144 147 148 149 150 154 155 156
# catch numbers
14472803 13795542 11928207 5203522 9284726 24391426 11933016 53068057 39285281 42297302 31839341 83602909 78349652 75700886 27254799 29500995 26180091 31147504 44906404 47744714 22275182 61813457 18995175 46676760 20751972 52493546 64025816 28147569 43828965 63761499 72756300 31205708 63904972 57663318 38575480 20414737 35237288 29539462 31900957 36845669 39776722 18175615 31356394 3559509 33173231 34959640 28010687 17351890 15217652 43984763 22214679 29730640 31063797 27067422 36553164 34991009 80474238 52011469 40526742 42627057 74007565 49963900 67259805 90918875 26153502 31335407 30738665 25641369 17493292 11051624 36386702 22379486 24549677 8707047 36979461 8805779 10192746 61187798 58002886 57226765 15848974 71173151 45040180 27716719 26934691 45097709 26081774 35324508 38300623 18668302 26935854
# catch size composition
0 0 0.9666 0.033 1e-04 0 0 0 2e-04 0 0 0 0 1e-04
0 1e-04 0.9718 0.028 0 0 0 0 0 0 0 0 0 1e-04
0 2e-04 0.9706 0.0289 0 0 0 0 0 0 0 0 0 3e-04
0 1e-04 0.9746 0.0249 0 0 0 0 0 1e-04 0 0 0 3e-04
0 0 0.0986 0.4865 0.3769 0.037 0.001 0 0 0 0 0 0 0
0 0 0.1139 0.4744 0.3738 0.0369 0.001 0 0 0 0 0 0 0
0 0 0.1142 0.4721 0.3773 0.0353 0.0011 0 0 0 0 0 0 0
0 1e-04 0.7743 0.0318 0.0357 0.0699 0.0603 0.0242 0.0034 3e-04 0 0 0 0
0 1e-04 0.785 0.0314 0.0316 0.0691 0.0588 0.0199 0.0039 2e-04 0 0 0 0
0 1e-04 0.7954 0.0313 0.0337 0.0669 0.0503 0.0197 0.0026 0 0 0 0 0
0 0 0.8123 0.0276 0.0311 0.0563 0.0479 0.0204 0.0043 1e-04 0 0 0 0
0 0 0.1008 0.4551 0.3566 0.0364 0.0071 0.0135 0.0146 0.0102 0.0048 6e-04 3e-04 0
0 0 0.1095 0.4495 0.3578 0.0358 0.006 0.0122 0.0103 0.0114 0.0068 7e-04 0 0
0 0 0.1177 0.4472 0.3531 0.0375 0.0077 0.0094 0.012 0.0101 0.0046 5e-04 2e-04 0
0 1e-04 0.3104 0.034 0.123 0.2273 0.1891 0.0764 0.0142 0.0022 0.0052 0.0061 0.0058 0.0062
0 0 0.3179 0.0324 0.1292 0.2187 0.1851 0.0739 0.0136 0.0045 0.0056 0.0066 0.0058 0.0067
0 2e-04 0.3325 0.036 0.1221 0.2174 0.1791 0.073 0.0113 0.0044 0.0058 0.006 0.0062 0.006
0 0 0.3463 0.0361 0.1228 0.2075 0.1729 0.0767 0.012 0.0042 0.0046 0.0064 0.0064 0.0041
0 0 0.0618 0.3283 0.2645 0.0387 0.0439 0.0697 0.0784 0.0634 0.0322 0.0065 0.0018 0.0108
0 0 0.0746 0.323 0.2689 0.0385 0.0426 0.0696 0.0726 0.0604 0.0293 0.0059 0.002 0.0126
0 0 0.077 0.3261 0.2619 0.0351 0.0398 0.0659 0.0772 0.0663 0.0283 0.0073 0.0024 0.0127
0 0 0.5909 0.0283 0.0519 0.096 0.0807 0.0335 0.0122 0.0143 0.0206 0.0253 0.0192 0.0271
0 4e-04 0.5953 0.0286 0.0507 0.0971 0.0811 0.0324 0.0126 0.0141 0.0226 0.0232 0.0187 0.0232
0 1e-04 0.6302 0.0265 0.0484 0.0858 0.0686 0.0316 0.0099 0.0113 0.0202 0.0233 0.0195 0.0246
0 2e-04 0.6499 0.025 0.0396 0.0859 0.0679 0.0317 0.0117 0.0103 0.0207 0.0211 0.0161 0.0199
0 0 0.0928 0.4433 0.3257 0.033 0.0109 0.0166 0.0206 0.0166 0.0089 0.0043 0.0027 0.0246
0 0 0.1076 0.4229 0.3238 0.0377 0.0111 0.0161 0.0218 0.0173 0.007 0.0036 0.0044 0.0267
0 0 0.1171 0.4341 0.3155 0.0329 0.0111 0.017 0.019 0.0141 0.0078 0.0037 0.0034 0.0243
0 0 0.5891 0.0331 0.0711 0.1243 0.0949 0.0434 0.0067 0.0041 0.0042 0.0064 0.0052 0.0175
0 0 0.5888 0.0313 0.0677 0.1242 0.0989 0.0428 0.0078 0.0041 0.0066 0.007 0.0061 0.0147
0 2e-04 0.6292 0.0254 0.0663 0.11 0.0895 0.0368 0.0063 0.0034 0.0047 0.0043 0.0057 0.0182
0 0 0.634 0.0305 0.0635 0.1117 0.085 0.0361 0.007 0.0029 0.0054 0.0045 0.0043 0.0151
0 0 0.1 0.4339 0.3218 0.0378 0.0151 0.0239 0.027 0.0174 0.0109 0.0017 0.0014 0.0091
0 0 0.11 0.419 0.3264 0.0365 0.0131 0.0255 0.0238 0.0227 0.0085 0.0033 0.0011 0.0101
0 0 0.1255 0.4201 0.3166 0.0359 0.0116 0.0242 0.027 0.0182 0.0085 0.0022 0.0012 0.009
0 0 0.3904 0.0369 0.102 0.1868 0.1492 0.0651 0.0124 0.0076 0.0126 0.0123 0.009 0.0157
0 0 0.3988 0.0374 0.1103 0.1818 0.1457 0.06 0.0119 0.0078 0.0111 0.0107 0.0091 0.0154
0 1e-04 0.4225 0.0345 0.1026 0.1822 0.1366 0.0563 0.011 0.008 0.0111 0.0121 0.009 0.014
0 1e-04 0.4399 0.0337 0.0955 0.1738 0.1353 0.0582 0.0107 0.0062 0.0094 0.0111 0.0108 0.0153
0 0 0.0754 0.3669 0.2969 0.0376 0.0314 0.0466 0.0553 0.043 0.0214 0.0049 0.0028 0.0178
0 0 0.0844 0.3615 0.2996 0.0365 0.0307 0.0441 0.0528 0.0425 0.0192 0.0059 0.0023 0.0205
0 0 0.0888 0.3601 0.3056 0.0358 0.0282 0.0429 0.0507 0.042 0.0209 0.0046 0.0022 0.0182
0 0 0.4633 0.0339 0.077 0.1403 0.1221 0.0507 0.0128 0.0142 0.0197 0.02 0.0184 0.0276
0 0 0.4429 0.0309 0.0817 0.147 0.1242 0.056 0.0128 0.0135 0.0214 0.0197 0.0203 0.0296
0 1e-04 0.4967 0.0329 0.0723 0.1326 0.1116 0.0501 0.0118 0.0128 0.0192 0.0186 0.0161 0.0252
0 1e-04 0.5224 0.0275 0.0643 0.1309 0.1099 0.0452 0.011 0.0115 0.0171 0.02 0.0164 0.0237
0 0 0.0842 0.409 0.3001 0.0375 0.0193 0.0325 0.033 0.0306 0.0141 0.0053 0.0041 0.0303
0 0 0.0927 0.3943 0.3078 0.0362 0.0182 0.0289 0.0354 0.0316 0.0142 0.0044 0.0031 0.0332
0 0 0.0933 0.3998 0.3027 0.0363 0.0201 0.0303 0.0346 0.03 0.015 0.0051 0.0033 0.0295
0 0 0.6271 0.0241 0.0574 0.106 0.0879 0.0367 0.0082 0.0057 0.0079 0.0098 0.0086 0.0206
0 0 0.6284 0.0299 0.0503 0.1134 0.0836 0.0332 0.0067 0.0064 0.0094 0.0087 0.0084 0.0216
0 2e-04 0.6486 0.0273 0.0534 0.0963 0.0804 0.0359 0.0077 0.0051 0.0093 0.008 0.0084 0.0194
0 0 0.6749 0.0268 0.0514 0.0923 0.0725 0.031 0.0079 0.0054 0.0072 0.0077 0.0075 0.0154
0 0 0.094 0.4416 0.3297 0.0369 0.0102 0.0199 0.0235 0.0181 0.008 0.0015 0.0019 0.0147
0 0 0.1011 0.4315 0.3325 0.0388 0.0114 0.0192 0.0224 0.0176 0.0095 0.0024 0.0013 0.0123
0 0 0.1071 0.4324 0.3296 0.0331 0.0102 0.0205 0.021 0.019 0.0082 0.0019 0.0018 0.0152
0 2e-04 0.6477 0.03 0.0587 0.1046 0.0859 0.0372 0.0054 0.0038 0.005 0.0062 0.0046 0.0107
0 0 0.6539 0.0281 0.0572 0.107 0.0849 0.0341 0.0054 0.0024 0.0055 0.006 0.0042 0.0113
0 0 0.6809 0.0298 0.0514 0.094 0.0796 0.0309 0.0063 0.0035 0.0046 0.0047 0.0047 0.0096
0 0 0.7012 0.0271 0.0501 0.093 0.0691 0.0293 0.0057 0.0033 0.0036 0.0049 0.0037 0.009
0 0 0.1031 0.4422 0.3322 0.0344 0.0124 0.0193 0.0227 0.0171 0.0066 0.0016 8e-04 0.0076
0 0 0.1068 0.44 0.334 0.0384 0.0101 0.0184 0.0196 0.015 0.0084 0.0017 0.0011 0.0065
0 0 0.1093 0.4399 0.3326 0.0356 0.0111 0.0163 0.0216 0.016 0.0076 0.0019 0.0015 0.0066
0 0 0.1729 0.0359 0.1461 0.2683 0.2095 0.092 0.016 0.0072 0.0108 0.0136 0.0104 0.0173
0 0 0.1754 0.0363 0.1476 0.2632 0.2126 0.0858 0.0157 0.0088 0.013 0.0137 0.0109 0.017
0 0 0.1892 0.0343 0.148 0.2648 0.2094 0.0819 0.0139 0.009 0.0129 0.0098 0.01 0.0168
0 0 0.2088 0.0339 0.14 0.2569 0.2099 0.0829 0.0156 0.0064 0.0097 0.0116 0.011 0.0133
0 0 0.0599 0.2471 0.1908 0.035 0.0599 0.1023 0.1151 0.0941 0.0458 0.0105 0.0045 0.035
0 0 0.0651 0.2491 0.1992 0.0365 0.0594 0.1044 0.1119 0.0871 0.0406 0.0099 0.0055 0.0313
0 0 0.0682 0.2378 0.1996 0.0376 0.0579 0.1056 0.1179 0.0857 0.0409 0.0112 0.0056 0.032
0 0 0.6002 0.0253 0.0413 0.0724 0.0584 0.0256 0.0131 0.0227 0.0317 0.0363 0.0297 0.0433
0 1e-04 0.6159 0.0276 0.0396 0.0725 0.0575 0.0272 0.0115 0.0176 0.0325 0.0314 0.0272 0.0394
0 0 0.6384 0.0248 0.038 0.0669 0.0584 0.024 0.0117 0.0186 0.0288 0.0324 0.0241 0.0339
0 1e-04 0.6485 0.0243 0.0375 0.0655 0.0539 0.0219 0.0107 0.0182 0.0286 0.0298 0.0232 0.0378
0 0 0.0988 0.4524 0.3133 0.0307 0.0108 0.0124 0.0148 0.0122 0.0058 0.0037 0.0034 0.0417
0 0 0.1032 0.4443 0.3246 0.0303 0.009 0.0138 0.0124 0.0108 0.0046 0.0033 0.0047 0.039
0 0 0.108 0.4454 0.3092 0.0331 0.0093 0.0141 0.0163 0.0119 0.0054 0.004 0.0046 0.0387
0 2e-04 0.7224 0.0336 0.0457 0.0823 0.0645 0.0229 0.0038 0.0019 0.0034 0.0032 0.0017 0.0144
0 0 0.7478 0.0312 0.0444 0.0719 0.0575 0.0231 0.0034 0.0018 0.0024 0.002 0.0029 0.0116
0 0 0.7754 0.0254 0.0396 0.0658 0.0521 0.0209 0.0044 0.0018 0.0018 0.0016 0.0018 0.0094
0 0 0.7802 0.0266 0.036 0.0655 0.0528 0.0188 0.0031 0.0015 0.0016 0.0028 0.0024 0.0087
0 0 0.1085 0.4596 0.3465 0.0312 0.0075 0.0136 0.0122 0.0101 0.0044 0.001 4e-04 0.005
0 0 0.1186 0.4599 0.3301 0.0382 0.0087 0.0127 0.0123 0.0101 0.0046 6e-04 1e-04 0.0041
0 0 0.122 0.4537 0.3363 0.0333 0.0068 0.0114 0.0132 0.0116 0.0049 0.0018 1e-04 0.0049
0 0 0.4685 0.0382 0.1 0.1699 0.1301 0.0608 0.0079 0.0032 0.0042 0.0054 0.0042 0.0076
0 0 0.4957 0.0325 0.0954 0.1595 0.1323 0.049 0.01 0.0036 0.0054 0.0046 0.0048 0.0072
0 0 0.5011 0.0358 0.0936 0.161 0.1282 0.0484 0.0088 0.0031 0.0048 0.0046 0.0038 0.0068
0 0 0.5213 0.0299 0.091 0.1553 0.1274 0.0459 0.0079 0.0033 0.0047 0.0036 0.0026 0.0071
0 0 0.0937 0.3946 0.3071 0.0381 0.0254 0.0379 0.0448 0.0321 0.014 0.0028 0.0015 0.008
0 0 0.0944 0.3962 0.3076 0.0372 0.0257 0.0396 0.0405 0.0314 0.017 0.0034 9e-04 0.0061
0 0 0.1018 0.3979 0.3066 0.0344 0.0226 0.0373 0.0398 0.0303 0.0166 0.0047 0.0012 0.0068
# number of total recruitment months
26
# all recruitment months
2 8 14 20 26 32 38 44 50 56 62 68 74 80 86 92 98 104 110 116 122 128 134 140 146 152
# number of growth months
2
# which growth months
3 7
