$likelihoods
4886.94 1132.96 7123.29 10.2872
$recruits
 5.12181e+07 3.3635e+08 6.34467e+07 6.02191e+08 2.85837 5.1358e+08 16.9875 7.75515e+08 3.04602 2.45992e+08 2.91187 2.25644e+08 9.14075e+07 5.61123e+08 2.88581 4.52613e+08 2.88657 2.38008e+08 3.49338 2.21847e+08 2.90643 2.44667e+08 6.56881e+07 8.82754e+08 1.43338e+08 4.78727e+08 4.71438 2.18378e+08 8.31887e+07 8.15426e+08 2.85906 4.09363e+08 3.32147 1.73212e+08 2.83132 1.83943e+08 2.2558e+07 3.7391e+08 2.84633 3.55208e+08 6.74535e+07 6.37081e+08 2.90314 7.4473e+07
$sizes
 55 65 75 85 95 105 115 125 135 145 155 165 175 185
$survey_months
 1 5 8 10 15 16 20 24 25 30 32 35 40 45 48 50 55 56 60 64 65 70 72 75 80 85 88 90 95 96 100 104 105 110 112 115 120 125 128 130 135 136 140 144 145 150 152 155 160 165 168 170 175 176 180 184 185 190 192 195 200 205 208 210 215 216 220 224 225 230 232 235 240 245 248 250 255 256 260 264
$survey_pred_all
 3.10902e+08 3.05996e+08 3.77828e+08 3.71625e+08 3.6535e+08 3.59209e+08 3.9314e+08 3.86937e+08 5.03245e+08 4.95304e+08 4.67325e+08 4.31466e+08 4.1227e+08 4.05765e+08 5.25104e+08 4.93051e+08 4.62087e+08 4.3668e+08 4.84956e+08 4.77305e+08 6.88937e+08 6.78067e+08 6.53611e+08 6.24851e+08 5.98573e+08 5.89129e+08 7.68171e+08 7.35038e+08 7.07077e+08 6.88499e+08 7.75813e+08 7.63573e+08 9.38439e+08 9.23632e+08 8.74561e+08 8.21406e+08 7.68539e+08 7.56413e+08 9.23245e+08 8.69313e+08 8.27587e+08 7.91513e+08 8.55871e+08 8.42367e+08 1.11132e+09 1.09378e+09 1.03337e+09 9.82023e+08 9.53044e+08 9.38007e+08 1.16412e+09 1.14489e+09 1.10426e+09 1.07325e+09 1.18177e+09 1.16312e+09 1.2343e+09 1.21482e+09 1.13403e+09 1.01187e+09 9.30403e+08 9.15723e+08 1.0252e+09 8.92231e+08 8.07639e+08 7.2133e+08 7.3142e+08 7.1988e+08 7.90643e+08 7.78168e+08 7.04507e+08 6.70476e+08 5.88529e+08 5.79243e+08 6.87397e+08 6.27405e+08 5.60749e+08 5.19801e+08 5.58151e+08 5.49345e+08 7.44894e+08 7.33141e+08 6.7706e+08 6.21574e+08 5.79373e+08 5.70232e+08 7.36381e+08 7.08939e+08 6.74387e+08 6.42875e+08 7.1712e+08 7.05805e+08 8.59394e+08 8.45835e+08 8.00748e+08 7.4469e+08 6.91446e+08 6.80537e+08 8.29717e+08 7.94161e+08 7.33533e+08 7.06657e+08 7.69132e+08 7.56996e+08 8.31674e+08 8.18552e+08 7.28767e+08 6.52604e+08 6.0286e+08 5.93348e+08 6.83063e+08 6.36251e+08 5.98538e+08 5.54364e+08 5.71729e+08 5.62709e+08 6.3457e+08 6.24558e+08 5.55572e+08 5.26357e+08 4.95934e+08 4.88109e+08 5.59547e+08 5.00493e+08 4.69493e+08 4.42324e+08 4.55373e+08 4.48188e+08 5.30162e+08 5.21797e+08 4.74224e+08 4.37329e+08 3.96336e+08 3.90082e+08 4.88789e+08 4.5413e+08 4.43166e+08 4.26414e+08 4.63714e+08 4.56397e+08 7.70468e+08 7.58312e+08 7.21503e+08 6.94117e+08 6.64944e+08 6.54453e+08 9.49783e+08 9.19499e+08 8.90084e+08 8.69675e+08 1.03352e+09 1.01721e+09 1.17539e+09 1.15685e+09 1.11973e+09 1.07345e+09 1.02367e+09 1.00752e+09 1.20185e+09 1.13867e+09 1.1053e+09 1.07776e+09 1.15901e+09 1.14072e+09 1.2022e+09 1.18323e+09 1.04309e+09 9.25185e+08 8.7442e+08 8.60624e+08 9.81564e+08 8.96783e+08 8.4241e+08 8.00584e+08 8.31439e+08 8.18321e+08 1.10218e+09 1.08479e+09 9.6302e+08 8.76498e+08 8.17175e+08 8.04282e+08 1.0328e+09 9.85307e+08 9.44458e+08 8.98575e+08 1.00931e+09 9.93381e+08 1.12669e+09 1.10892e+09 1.02775e+09 9.5479e+08 8.9439e+08 8.80278e+08 1.03336e+09 9.82006e+08 9.19249e+08 8.59079e+08 9.09996e+08 8.95638e+08 9.44546e+08 9.29643e+08 8.11399e+08 6.98857e+08 6.55885e+08 6.45536e+08 7.17811e+08 6.33407e+08 5.789e+08 5.38427e+08 5.37596e+08 5.29114e+08 5.8771e+08 5.78437e+08 5.1285e+08 4.55575e+08 4.06612e+08 4.00197e+08 4.6651e+08 4.32394e+08 3.92479e+08 3.55583e+08 3.74379e+08 3.68472e+08 4.9874e+08 4.90871e+08 4.58275e+08 4.33048e+08 4.1221e+08 4.05706e+08 5.12979e+08 4.86559e+08 4.69605e+08 4.50904e+08 4.93693e+08 4.85904e+08 6.07513e+08 5.97928e+08 5.52943e+08 5.21455e+08 4.92961e+08 4.85183e+08 6.21525e+08 5.94635e+08 5.76112e+08 5.58893e+08 6.24137e+08 6.14289e+08 8.36458e+08 8.2326e+08 7.70529e+08 7.3685e+08 7.03072e+08 6.91979e+08 8.82254e+08 8.21597e+08 7.98218e+08 7.6773e+08 8.5527e+08 8.41776e+08 8.55598e+08 8.42099e+08 7.6841e+08 7.13001e+08 0 0 0 0 0 0 0 0 0 0 0 0 0 0 0 0 0 0 0 0 0 0 0 0 0 0 0 0 0 0 0 0 0 0 0 0 0 0 0 0 0 0 0 0 0 0 0 0 0 0 0 0 0 0 0 0 0 0 0 0 0 0 0 0 0 0 0 0 0 0 0 0 0 0 0 0 0 0 0 0 0 0 0 0 0 0 0 0 0 0 0 0 0 0 0 0 0 0 0 0
$survey_obs
 55961.3 6.37294e+08 4.34296e+08 6.07646e+08 4.5633e+08 5.58311e+08 7.58009e+08 2.67999e+08 3.04491e+08 9.66343e+08 8.48902e+08 4.92743e+08 5.52721e+08 3.71268e+08 2.42014e+08 6.77906e+08 1.85306e+09 2.30875e+09 1.43975e+09 1.55245e+09 1.0717e+09 1.03765e+09 5.52429e+08 8.05464e+08 7.0615e+08 2.77638e+08 1.32925e+09 7.94247e+08 8.83744e+08 7.44457e+08 1.28412e+09 1.2953e+09 1.03925e+09 7.07282e+08 1.07128e+09 6.44e+08 6.48692e+08 8.17179e+08 6.89081e+08 4.01826e+08 4.65159e+08 3.87065e+08 6.91886e+08 3.61142e+08 2.75097e+08 1.023e+09 1.33015e+09 7.50674e+08 1.92502e+09 1.29554e+09 1.03133e+09 6.75269e+08 7.87767e+08 8.45897e+08 4.35667e+08 1.26606e+09 7.44216e+08 1.39726e+09 9.36776e+08 2.90529e+09 1.47087e+09 6.00062e+08 8.05436e+08 1.07257e+09 6.58809e+08 6.11306e+08 5.04641e+08 4.4746e+08 4.65289e+08 3.60914e+08 4.3716e+08 4.64751e+08 2.07054e+08 7.24103e+08 7.71068e+08 5.83627e+08 1.09527e+09 1.14756e+09 6.59623e+08 3.23876e+08
$survey_pred_comp
3.10902e+08
3.6535e+08
3.86937e+08
4.95304e+08
5.25104e+08
4.93051e+08
4.77305e+08
6.24851e+08
5.98573e+08
6.88499e+08
7.63573e+08
8.74561e+08
8.69313e+08
1.11132e+09
9.82023e+08
9.38007e+08
1.18177e+09
1.16312e+09
1.01187e+09
8.92231e+08
8.07639e+08
7.78168e+08
6.70476e+08
6.87397e+08
5.49345e+08
5.79373e+08
7.08939e+08
6.42875e+08
8.00748e+08
7.4469e+08
7.94161e+08
7.56996e+08
8.31674e+08
5.93348e+08
6.36251e+08
5.71729e+08
5.26357e+08
4.69493e+08
4.48188e+08
5.21797e+08
4.88789e+08
4.5413e+08
4.56397e+08
6.94117e+08
6.64944e+08
8.69675e+08
1.01721e+09
1.11973e+09
1.13867e+09
1.2022e+09
9.25185e+08
8.60624e+08
8.31439e+08
8.18321e+08
8.76498e+08
9.85307e+08
9.44458e+08
1.10892e+09
9.5479e+08
1.03336e+09
8.95638e+08
6.55885e+08
6.33407e+08
5.38427e+08
5.1285e+08
4.55575e+08
4.32394e+08
3.68472e+08
4.9874e+08
4.05706e+08
4.86559e+08
4.93693e+08
5.21455e+08
5.76112e+08
6.14289e+08
8.2326e+08
8.82254e+08
8.21597e+08
8.41776e+08
7.13001e+08
$survey_size_comp_pred_all
 0.0244151 0.526289 0.391051 0.00446012 0.00419787 0.00943468 0.00915887 0.0032142 0.000529894 0.000181256 0.000190462 0.000425698 0.00158788 0.0248638
 0.0244151 0.526289 0.391051 0.00446012 0.00419787 0.00943468 0.00915887 0.0032142 0.000529894 0.000181256 0.000190462 0.000425698 0.00158788 0.0248638
 0.0542061 0.120609 0.371372 0.292638 0.0933808 0.0242617 0.0101676 0.00673155 0.00337962 0.00119811 0.000398236 0.000237794 0.000552442 0.0208682
 0.0542414 0.120687 0.371613 0.292408 0.0933077 0.0242427 0.0101597 0.00672628 0.00337697 0.00119717 0.000397923 0.000237608 0.000552009 0.0208518
 0.0543024 0.120823 0.372031 0.292013 0.0931812 0.0242099 0.0101459 0.00671716 0.00337239 0.00119554 0.000397384 0.000237286 0.000551261 0.0208236
 0.0543594 0.12095 0.372421 0.291643 0.093063 0.0241791 0.010133 0.00670864 0.00336811 0.00119403 0.00039688 0.000236985 0.000550562 0.0207971
 0.0122333 0.073272 0.174882 0.287759 0.23857 0.117865 0.044792 0.016969 0.00785469 0.00386991 0.00170124 0.000688828 0.00041605 0.019127
 0.0122333 0.073272 0.174882 0.287759 0.23857 0.117865 0.044792 0.016969 0.00785469 0.00386991 0.00170124 0.000688828 0.00041605 0.019127
 0.252504 0.0554489 0.132342 0.217763 0.180539 0.0891949 0.0338965 0.0128414 0.00594406 0.00292857 0.00128742 0.000521273 0.000314848 0.0144744
 0.252504 0.0554489 0.132342 0.217763 0.180539 0.0891949 0.0338965 0.0128414 0.00594406 0.00292857 0.00128742 0.000521273 0.000314848 0.0144744
 0.263399 0.0578415 0.138047 0.210378 0.17441 0.0861668 0.0327457 0.0124054 0.00574227 0.00282915 0.00124371 0.000503577 0.000304159 0.013983
 0.280789 0.0616602 0.147152 0.198592 0.164628 0.0813342 0.0309092 0.0117097 0.00542022 0.00267047 0.00117396 0.000475334 0.0002871 0.0131988
 0.289226 0.063513 0.151569 0.192873 0.159883 0.0789896 0.0300182 0.0113721 0.00526397 0.00259349 0.00114012 0.000461632 0.000278824 0.0128183
 0.289226 0.063513 0.151569 0.192873 0.159883 0.0789896 0.0300182 0.0113721 0.00526397 0.00259349 0.00114012 0.000461632 0.000278824 0.0128183
 0.0990216 0.222492 0.154036 0.136475 0.138587 0.11363 0.0682426 0.0326377 0.0140144 0.00610577 0.00280252 0.00128815 0.00060145 0.0100654
 0.103795 0.233218 0.161454 0.130516 0.13253 0.108663 0.0652599 0.0312111 0.0134018 0.0058389 0.00268003 0.00123184 0.000575162 0.00962548
 0.109003 0.244919 0.169545 0.124015 0.125921 0.103245 0.0620059 0.0296549 0.0127336 0.00554776 0.00254639 0.00117042 0.000546483 0.00914553
 0.113525 0.25508 0.176571 0.11837 0.120184 0.0985407 0.0591805 0.0283036 0.0121534 0.00529497 0.00243037 0.00111709 0.000521582 0.00872881
 0.0251781 0.151341 0.235717 0.181827 0.121298 0.0974031 0.0767004 0.0506581 0.0279887 0.0136489 0.00629387 0.00290122 0.001392 0.00765325
 0.0251781 0.151341 0.235717 0.181827 0.121298 0.0974031 0.0767004 0.0506581 0.0279887 0.0136489 0.00629387 0.00290122 0.001392 0.00765325
 0.335286 0.103197 0.160731 0.123985 0.082711 0.0664175 0.0523007 0.0345428 0.019085 0.00930692 0.00429168 0.00197829 0.000949177 0.00521861
 0.335286 0.103197 0.160731 0.123985 0.082711 0.0664175 0.0523007 0.0345428 0.019085 0.00930692 0.00429168 0.00197829 0.000949177 0.00521861
 0.342344 0.105369 0.16411 0.120086 0.0801083 0.0643275 0.0506549 0.0334559 0.0184845 0.00901406 0.00415663 0.00191604 0.000919309 0.0050544
 0.35245 0.10848 0.168948 0.114504 0.0763813 0.0613347 0.0482982 0.0318994 0.0176245 0.00859468 0.00396325 0.0018269 0.000876539 0.00481925
 0.362118 0.111455 0.173575 0.109164 0.0728161 0.0584718 0.0460438 0.0304104 0.0168018 0.00819351 0.00377826 0.00174163 0.000835626 0.0045943
 0.362118 0.111455 0.173575 0.109164 0.0728161 0.0584718 0.0460438 0.0304104 0.0168018 0.00819351 0.00377826 0.00174163 0.000835626 0.0045943
 0.0684028 0.282331 0.20516 0.145869 0.09524 0.0633308 0.0467665 0.0353354 0.024355 0.0147447 0.00796724 0.00400569 0.00200618 0.00448598
 0.0703582 0.290402 0.211018 0.140655 0.0918325 0.061065 0.0450933 0.0340712 0.0234837 0.0142172 0.00768219 0.00386238 0.0019344 0.00432548
 0.0719865 0.297122 0.215895 0.136313 0.0889953 0.0591783 0.0437001 0.0330186 0.0227581 0.0137779 0.00744485 0.00374305 0.00187464 0.00419184
 0.0727625 0.300326 0.21822 0.134244 0.0876432 0.0582792 0.0430362 0.0325169 0.0224123 0.0135686 0.00733173 0.00368618 0.00184616 0.00412815
 0.0159047 0.124649 0.253043 0.211423 0.135281 0.0849027 0.0556856 0.0393603 0.0287972 0.0201875 0.0129648 0.00762696 0.00431779 0.00585637
 0.0159047 0.124649 0.253043 0.211423 0.135281 0.0849027 0.0556856 0.0393603 0.0287972 0.0201875 0.0129648 0.00762696 0.00431779 0.00585637
 0.211912 0.0998223 0.202643 0.169313 0.108336 0.0679922 0.0445944 0.0315207 0.0230615 0.0161667 0.0103825 0.00610786 0.00345779 0.00468993
 0.211912 0.0998223 0.202643 0.169313 0.108336 0.0679922 0.0445944 0.0315207 0.0230615 0.0161667 0.0103825 0.00610786 0.00345779 0.00468993
 0.220271 0.10376 0.210628 0.162246 0.10381 0.0651516 0.0427313 0.0302038 0.0220981 0.0154913 0.00994878 0.00585268 0.00331333 0.00449399
 0.230825 0.108731 0.220708 0.153324 0.0980961 0.0615655 0.0403793 0.0285413 0.0208817 0.0146386 0.00940117 0.00553054 0.00313096 0.00424663
 0.24281 0.114377 0.232153 0.143191 0.0916076 0.0574933 0.0377084 0.0266535 0.0195005 0.0136703 0.00877934 0.00516472 0.00292386 0.00396574
 0.24281 0.114377 0.232153 0.143191 0.0916076 0.0574933 0.0377084 0.0266535 0.0195005 0.0136703 0.00877934 0.00516472 0.00292386 0.00396574
 0.0489982 0.210009 0.191053 0.179889 0.128004 0.0828982 0.0526673 0.0343645 0.0236475 0.0168782 0.0118994 0.00800129 0.00524427 0.00644587
 0.051217 0.219519 0.199696 0.17323 0.123261 0.0798263 0.0507156 0.0330911 0.0227712 0.0162527 0.0114584 0.00770479 0.00504993 0.00620701
 0.0529505 0.226949 0.206448 0.168028 0.119555 0.0774264 0.0491909 0.0320962 0.0220866 0.0157641 0.0111139 0.00747315 0.00489811 0.0060204
 0.0544903 0.233548 0.212445 0.163407 0.116264 0.0752948 0.0478367 0.0312126 0.0214786 0.0153301 0.010808 0.00726741 0.00476326 0.00585466
 0.0124119 0.0991875 0.213432 0.204812 0.15298 0.106826 0.0710482 0.0461501 0.0302547 0.020531 0.0144168 0.0102598 0.0074843 0.0102062
 0.0124119 0.0991875 0.213432 0.204812 0.15298 0.106826 0.0710482 0.0461501 0.0302547 0.020531 0.0144168 0.0102598 0.0074843 0.0102062
 0.263231 0.0739967 0.159226 0.152796 0.114127 0.0796954 0.053004 0.0344293 0.0225709 0.0153167 0.0107554 0.00765408 0.0055835 0.0076141
 0.263231 0.0739967 0.159226 0.152796 0.114127 0.0796954 0.053004 0.0344293 0.0225709 0.0153167 0.0107554 0.00765408 0.0055835 0.0076141
 0.274225 0.0770874 0.16587 0.14651 0.109428 0.0764137 0.0508214 0.0330116 0.0216414 0.014686 0.0103125 0.0073389 0.00535359 0.00730056
 0.28401 0.0798379 0.171781 0.140916 0.105246 0.0734934 0.0488791 0.0317499 0.0208144 0.0141247 0.00991838 0.00705842 0.00514899 0.00702156
 0.288028 0.0809675 0.174209 0.138619 0.103528 0.0722941 0.0480815 0.0312318 0.0204747 0.0138942 0.00975653 0.00694324 0.00506496 0.00690698
 0.288028 0.0809675 0.174209 0.138619 0.103528 0.0722941 0.0480815 0.0312318 0.0204747 0.0138942 0.00975653 0.00694324 0.00506496 0.00690698
 0.0571628 0.234457 0.174007 0.146364 0.115623 0.0860315 0.0609955 0.0415361 0.0275808 0.0182767 0.0123713 0.00869117 0.00657706 0.0103253
 0.0572058 0.234633 0.174138 0.146268 0.115547 0.0859751 0.0609555 0.0415089 0.0275627 0.0182647 0.0123632 0.00868548 0.00657276 0.0103186
 0.0583748 0.239428 0.177693 0.143663 0.113487 0.0844422 0.0598687 0.0407688 0.0270713 0.0179391 0.0121428 0.00853062 0.00645557 0.0101346
 0.059114 0.24246 0.179941 0.142016 0.112185 0.0834729 0.0591815 0.0403009 0.0267605 0.0177331 0.0120034 0.0084327 0.00638147 0.0100183
 0.013223 0.1033 0.209993 0.183669 0.137403 0.103094 0.0764248 0.0549596 0.0382193 0.0259161 0.0174415 0.0119755 0.00894778 0.015433
 0.013223 0.1033 0.209993 0.183669 0.137403 0.103094 0.0764248 0.0549596 0.0382193 0.0259161 0.0174415 0.0119755 0.00894778 0.015433
 0.0847968 0.0958072 0.194762 0.170347 0.127437 0.095616 0.0708815 0.0509732 0.0354471 0.0240363 0.0161765 0.0111069 0.00829878 0.0143136
 0.0847968 0.0958072 0.194762 0.170347 0.127437 0.095616 0.0708815 0.0509732 0.0354471 0.0240363 0.0161765 0.0111069 0.00829878 0.0143136
 0.0894046 0.101013 0.205336 0.164793 0.123276 0.092494 0.0685671 0.0493089 0.0342898 0.0232515 0.0156483 0.0107443 0.00802781 0.0138463
 0.098617 0.111422 0.226474 0.153686 0.114958 0.0862528 0.0639404 0.0459817 0.031976 0.0216825 0.0145924 0.0100193 0.00748612 0.012912
 0.10556 0.119267 0.242403 0.145315 0.108689 0.0815494 0.0604537 0.0434743 0.0302323 0.0205002 0.0137967 0.00947291 0.0070779 0.0122079
 0.10556 0.119267 0.242403 0.145315 0.108689 0.0815494 0.0604537 0.0434743 0.0302323 0.0205002 0.0137967 0.00947291 0.0070779 0.0122079
 0.0232235 0.114396 0.162099 0.190033 0.14351 0.103417 0.0759273 0.0559953 0.0406302 0.0287421 0.0198973 0.0137522 0.0101601 0.0182154
 0.0262634 0.129371 0.1833 0.179404 0.13547 0.0976232 0.0716737 0.0528583 0.038354 0.0271319 0.0187826 0.0129817 0.00959091 0.0171949
 0.0285565 0.140666 0.199291 0.171385 0.129407 0.0932534 0.0684654 0.0504922 0.0366372 0.0259174 0.0179419 0.0124007 0.00916161 0.0164252
 0.0314689 0.155012 0.219597 0.1612 0.121706 0.0877041 0.0643912 0.0474875 0.034457 0.0243751 0.0168742 0.0116627 0.00861642 0.0154478
 0.00764397 0.0658354 0.167128 0.198319 0.154766 0.113328 0.0821002 0.0600149 0.044127 0.0321993 0.0231197 0.0164637 0.0123413 0.022614
 0.00764397 0.0658354 0.167128 0.198319 0.154766 0.113328 0.0821002 0.0600149 0.044127 0.0321993 0.0231197 0.0164637 0.0123413 0.022614
 0.110717 0.0589973 0.149769 0.17772 0.138691 0.101557 0.0735727 0.0537813 0.0395437 0.0288549 0.0207184 0.0147536 0.0110595 0.0202652
 0.110717 0.0589973 0.149769 0.17772 0.138691 0.101557 0.0735727 0.0537813 0.0395437 0.0288549 0.0207184 0.0147536 0.0110595 0.0202652
 0.120364 0.0641377 0.162808 0.170462 0.133017 0.0974026 0.0705631 0.0515813 0.0379261 0.0276745 0.0198709 0.0141501 0.0106071 0.0194362
 0.124477 0.0663298 0.168368 0.167366 0.130598 0.0956312 0.0692798 0.0506433 0.0372364 0.0271712 0.0195095 0.0138928 0.0104142 0.0190827
 0.139572 0.0743734 0.188767 0.156006 0.121722 0.0891317 0.0645713 0.0472014 0.0347057 0.0253246 0.0181836 0.0129486 0.0097064 0.0177858
 0.139572 0.0743734 0.188767 0.156006 0.121722 0.0891317 0.0645713 0.0472014 0.0347057 0.0253246 0.0181836 0.0129486 0.0097064 0.0177858
 0.077364 0.125899 0.128718 0.148837 0.13173 0.10395 0.0777112 0.0569864 0.0417792 0.0307335 0.0225666 0.0165688 0.0128012 0.0243555
 0.0834242 0.135761 0.138793 0.143051 0.126602 0.0999035 0.0746859 0.0547679 0.0401527 0.029537 0.021688 0.0159238 0.0123028 0.0234073
 0.091868 0.149502 0.152829 0.134989 0.119457 0.0942657 0.0704712 0.0516772 0.0378868 0.0278702 0.0204641 0.0150252 0.0116086 0.0220864
 0.0975413 0.158734 0.162258 0.129572 0.114657 0.0904779 0.0676395 0.0496007 0.0363644 0.0267503 0.0196418 0.0144214 0.0111421 0.0211989
 0.0223741 0.121023 0.173516 0.158751 0.1232 0.0992801 0.0784767 0.05982 0.044554 0.0329282 0.0243598 0.0181964 0.0144452 0.0290756
 0.0223741 0.121023 0.173516 0.158751 0.1232 0.0992801 0.0784767 0.05982 0.044554 0.0329282 0.0243598 0.0181964 0.0144452 0.0290756
 0.290395 0.0878441 0.125946 0.115229 0.0894238 0.072062 0.0569619 0.04342 0.0323393 0.0239008 0.0176815 0.0132078 0.010485 0.0211044
 0.290395 0.0878441 0.125946 0.115229 0.0894238 0.072062 0.0569619 0.04342 0.0323393 0.0239008 0.0176815 0.0132078 0.010485 0.0211044
 0.309487 0.0936194 0.134217 0.107533 0.0834457 0.0672445 0.053154 0.0405173 0.0301774 0.022303 0.0164994 0.0123248 0.00978404 0.0196935
 0.331796 0.100368 0.143879 0.0985403 0.0764611 0.061616 0.0487049 0.0371259 0.0276515 0.0204362 0.0151184 0.0112932 0.00896509 0.0180452
 0.350347 0.105979 0.151913 0.0910616 0.0706532 0.0569357 0.0450053 0.0343059 0.0255511 0.0188838 0.01397 0.0104354 0.00828411 0.0166744
 0.350347 0.105979 0.151913 0.0910616 0.0706532 0.0569357 0.0450053 0.0343059 0.0255511 0.0188838 0.01397 0.0104354 0.00828411 0.0166744
 0.0668218 0.275462 0.196562 0.132504 0.0844008 0.0592586 0.0453176 0.0354034 0.0272529 0.0205841 0.0154006 0.0116143 0.00937161 0.0200454
 0.0683132 0.28161 0.200944 0.129053 0.0822 0.0577134 0.044136 0.0344803 0.0265423 0.0200474 0.0149991 0.0113115 0.00912725 0.0195228
 0.0706802 0.291368 0.207898 0.123574 0.0787073 0.0552611 0.0422606 0.0330152 0.0254145 0.0191956 0.0143618 0.0108308 0.00873942 0.0186932
 0.0729749 0.300827 0.214639 0.118263 0.0753215 0.052884 0.0404427 0.031595 0.0243212 0.0183698 0.013744 0.0103649 0.00836348 0.0178891
 0.0161131 0.126203 0.255252 0.208118 0.124357 0.0746012 0.0493439 0.0359272 0.027459 0.021141 0.0161511 0.0123666 0.0101107 0.0228561
 0.0161131 0.126203 0.255252 0.208118 0.124357 0.0746012 0.0493439 0.0359272 0.027459 0.021141 0.0161511 0.0123666 0.0101107 0.0228561
 0.204701 0.102013 0.206327 0.168227 0.100521 0.060302 0.0398858 0.0290408 0.0221957 0.0170888 0.0130553 0.00999624 0.00817274 0.0184751
 0.204701 0.102013 0.206327 0.168227 0.100521 0.060302 0.0398858 0.0290408 0.0221957 0.0170888 0.0130553 0.00999624 0.00817274 0.0184751
 0.212815 0.106056 0.214496 0.161209 0.0963235 0.0577839 0.0382203 0.0278281 0.0212689 0.0163752 0.0125101 0.00957883 0.00783146 0.0177037
 0.225224 0.112241 0.226989 0.150476 0.0899045 0.0539332 0.0356733 0.0259737 0.0198516 0.015284 0.0116765 0.0089405 0.00730958 0.0165239
 0.23874 0.118976 0.240593 0.138786 0.0829139 0.0497396 0.0328995 0.0239541 0.018308 0.0140956 0.0107686 0.00824532 0.00674122 0.0152391
 0.23874 0.118976 0.240593 0.138786 0.0829139 0.0497396 0.0328995 0.0239541 0.018308 0.0140956 0.0107686 0.00824532 0.00674122 0.0152391
 0.0482301 0.207995 0.194038 0.18384 0.126213 0.0775422 0.0471206 0.0303289 0.0211966 0.0157583 0.0120519 0.00936319 0.00778215 0.0185407
 0.0495944 0.213879 0.199521 0.179586 0.123288 0.0757458 0.0460289 0.0296262 0.0207055 0.0153932 0.0117727 0.00914627 0.00760186 0.0181111
 0.0528463 0.227903 0.21259 0.169445 0.116319 0.071464 0.043427 0.0279515 0.0195351 0.014523 0.0111072 0.00862925 0.00717214 0.0170873
 0.0539907 0.232838 0.217189 0.165876 0.113867 0.0699573 0.0425114 0.0273622 0.0191232 0.0142168 0.010873 0.00844731 0.00702093 0.0167271
 0.0122179 0.0979517 0.212417 0.206726 0.155016 0.106055 0.0679132 0.0424211 0.0271833 0.0184947 0.0134036 0.0102345 0.00855046 0.021416
 0.0122179 0.0979517 0.212417 0.206726 0.155016 0.106055 0.0679132 0.0424211 0.0271833 0.0184947 0.0134036 0.0102345 0.00855046 0.021416
 0.115098 0.0877497 0.190294 0.185195 0.13887 0.0950088 0.0608398 0.0380029 0.0243521 0.0165685 0.0120076 0.0091685 0.00765991 0.0191855
 0.115098 0.0877497 0.190294 0.185195 0.13887 0.0950088 0.0608398 0.0380029 0.0243521 0.0165685 0.0120076 0.0091685 0.00765991 0.0191855
 0.127239 0.0970055 0.210347 0.172556 0.129382 0.0885171 0.0566828 0.0354062 0.0226881 0.0154364 0.0111871 0.00854204 0.00713653 0.0178746
 0.139846 0.106617 0.231168 0.159431 0.119529 0.0817766 0.0523664 0.0327101 0.0209605 0.0142609 0.0103353 0.00789157 0.00659308 0.0165135
 0.148997 0.113594 0.246278 0.149904 0.112379 0.0768849 0.049234 0.0307534 0.0197066 0.0134079 0.00971702 0.00741952 0.0061987 0.0155257
 0.148997 0.113594 0.246278 0.149904 0.112379 0.0768849 0.049234 0.0307534 0.0197066 0.0134079 0.00971702 0.00741952 0.0061987 0.0155257
 0.0318785 0.145653 0.170861 0.190329 0.143575 0.102406 0.0705197 0.0465092 0.0298552 0.0192858 0.0129705 0.00931021 0.00752622 0.0193209
 0.0336839 0.153902 0.18053 0.184574 0.139227 0.0993052 0.0683843 0.0451008 0.0289511 0.0187018 0.0125778 0.00902828 0.00729832 0.0187358
 0.0352414 0.161018 0.18887 0.179609 0.135477 0.0966304 0.0665424 0.043886 0.0281713 0.0181981 0.012239 0.0087851 0.00710174 0.0182312
 0.0374492 0.171106 0.200692 0.17257 0.130161 0.0928387 0.0639313 0.042164 0.0270659 0.017484 0.0117587 0.00844039 0.00682307 0.0175158
 0.00894372 0.0739298 0.173088 0.191961 0.158361 0.119418 0.0861943 0.0601646 0.040581 0.0266802 0.0174959 0.0118688 0.00900774 0.0223063
 0.00894372 0.0739298 0.173088 0.191961 0.158361 0.119418 0.0861943 0.0601646 0.040581 0.0266802 0.0174959 0.0118688 0.00900774 0.0223063
 0.135041 0.0645233 0.151065 0.167537 0.138212 0.104223 0.0752273 0.0525095 0.0354177 0.0232856 0.0152698 0.0103586 0.00786164 0.0194682
 0.135041 0.0645233 0.151065 0.167537 0.138212 0.104223 0.0752273 0.0525095 0.0354177 0.0232856 0.0152698 0.0103586 0.00786164 0.0194682
 0.149414 0.0713908 0.167129 0.157922 0.130269 0.0982339 0.0709042 0.0494919 0.0333823 0.0219474 0.0143923 0.00976335 0.00740985 0.0183494
 0.155219 0.0741643 0.173617 0.154039 0.127062 0.0958151 0.0691583 0.0482733 0.0325603 0.021407 0.0140379 0.00952295 0.0072274 0.0178976
 0.162141 0.077472 0.181353 0.149408 0.123237 0.0929307 0.0670764 0.0468201 0.0315801 0.0207625 0.0136153 0.00923626 0.00700982 0.0173588
 0.162141 0.077472 0.181353 0.149408 0.123237 0.0929307 0.0670764 0.0468201 0.0315801 0.0207625 0.0136153 0.00923626 0.00700982 0.0173588
 0.0348373 0.149543 0.14182 0.15184 0.132814 0.107711 0.0825962 0.0607135 0.0431187 0.0296828 0.0199683 0.013449 0.00978684 0.0221188
 0.0383333 0.16455 0.15604 0.144474 0.126362 0.102479 0.0785836 0.0577639 0.041024 0.0282408 0.0189982 0.0127957 0.00931138 0.0210442
 0.0402197 0.172647 0.163712 0.1405 0.122881 0.0996553 0.0764187 0.0561726 0.0398938 0.0274628 0.0184748 0.0124431 0.00905486 0.0204645
 0.0420166 0.180361 0.17102 0.136714 0.119565 0.096966 0.0743565 0.0546567 0.0388172 0.0267217 0.0179762 0.0121074 0.00881051 0.0199122
 0.0100523 0.0803947 0.174663 0.171233 0.133638 0.107514 0.0862665 0.0669882 0.0501237 0.0362628 0.025501 0.0176997 0.0129266 0.0267361
 0.0100523 0.0803947 0.174663 0.171233 0.133638 0.107514 0.0862665 0.0669882 0.0501237 0.0362628 0.025501 0.0176997 0.0129266 0.0267361
 0.176321 0.0668918 0.145327 0.142473 0.111193 0.0894565 0.0717774 0.0557371 0.041705 0.0301722 0.0212179 0.0147269 0.0107554 0.0222456
 0.176321 0.0668918 0.145327 0.142473 0.111193 0.0894565 0.0717774 0.0557371 0.041705 0.0301722 0.0212179 0.0147269 0.0107554 0.0222456
 0.190948 0.0724409 0.157372 0.134973 0.105332 0.0847412 0.0679939 0.0527991 0.0395067 0.0285818 0.0200995 0.0139507 0.0101885 0.021073
 0.203791 0.077313 0.167946 0.128387 0.100186 0.0806014 0.0646723 0.0502198 0.0375768 0.0271855 0.0191176 0.0132692 0.0096908 0.0200435
 0.221321 0.0839635 0.182378 0.119397 0.093163 0.0749512 0.0601388 0.0466994 0.0349426 0.0252798 0.0177775 0.012339 0.00901146 0.0186385
 0.221321 0.0839635 0.182378 0.119397 0.093163 0.0749512 0.0601388 0.0466994 0.0349426 0.0252798 0.0177775 0.012339 0.00901146 0.0186385
 0.092414 0.182586 0.153212 0.140257 0.104835 0.0785109 0.061303 0.048601 0.0379561 0.0288164 0.0212552 0.0154132 0.0116438 0.0231963
 0.0978975 0.19342 0.162294 0.134032 0.100177 0.0750224 0.0585791 0.0464415 0.0362696 0.0275359 0.0203108 0.0147284 0.0111264 0.0221656
 0.0987367 0.195078 0.163684 0.133079 0.099464 0.0744885 0.0581622 0.046111 0.0360115 0.02734 0.0201662 0.0146235 0.0110473 0.0220078
 0.100997 0.199543 0.167427 0.130513 0.0975442 0.0730508 0.0570396 0.045221 0.0353164 0.0268123 0.019777 0.0143413 0.010834 0.0215831
 0.0228749 0.131472 0.199256 0.169376 0.121617 0.0874315 0.0647497 0.0497454 0.0390219 0.0305213 0.0234639 0.0177966 0.014065 0.0286085
 0.0228749 0.131472 0.199256 0.169376 0.121617 0.0874315 0.0647497 0.0497454 0.0390219 0.0305213 0.0234639 0.0177966 0.014065 0.0286085
 0.430319 0.0766507 0.116169 0.0987493 0.0709049 0.0509741 0.0377502 0.0290024 0.0227504 0.0177945 0.0136798 0.0103757 0.00820014 0.0166793
 0.430319 0.0766507 0.116169 0.0987493 0.0709049 0.0509741 0.0377502 0.0290024 0.0227504 0.0177945 0.0136798 0.0103757 0.00820014 0.0166793
 0.445137 0.07929 0.120164 0.0931318 0.066868 0.048072 0.0356009 0.0273512 0.0214552 0.0167814 0.012901 0.00978501 0.00773328 0.0157297
 0.455399 0.081118 0.12293 0.0892411 0.0640724 0.0460622 0.0341125 0.0262077 0.0205582 0.0160798 0.0123616 0.00937591 0.00740997 0.015072
 0.467878 0.0833409 0.126293 0.0845097 0.0606728 0.0436182 0.0323026 0.0248172 0.0194674 0.0152266 0.0117057 0.00887844 0.0070168 0.0142723
 0.467878 0.0833409 0.126293 0.0845097 0.0606728 0.0436182 0.0323026 0.0248172 0.0194674 0.0152266 0.0117057 0.00887844 0.0070168 0.0142723
 0.134332 0.31775 0.194088 0.111315 0.0683021 0.0455524 0.0320334 0.0234522 0.0177977 0.0138342 0.010831 0.00849709 0.00701397 0.0152018
 0.136567 0.323036 0.197312 0.107936 0.0662273 0.0441687 0.0310603 0.0227398 0.0172571 0.013414 0.010502 0.00823897 0.0068009 0.01474
 0.138854 0.328447 0.200611 0.104478 0.064104 0.0427526 0.0300645 0.0220108 0.0167038 0.0129839 0.0101653 0.00797483 0.00658287 0.0142674
 0.13987 0.330851 0.202077 0.102942 0.0631605 0.0421234 0.029622 0.0216868 0.016458 0.0127928 0.0100157 0.00785746 0.00648598 0.0140575
 0.0289891 0.177584 0.277847 0.199604 0.110633 0.0625986 0.0389821 0.0263863 0.0189348 0.0141768 0.0109398 0.00865656 0.00735132 0.0173168
 0.0289891 0.177584 0.277847 0.199604 0.110633 0.0625986 0.0389821 0.0263863 0.0189348 0.0141768 0.0109398 0.00865656 0.00735132 0.0173168
 0.172922 0.151261 0.236662 0.170016 0.0942335 0.0533195 0.0332038 0.022475 0.0161281 0.0120754 0.00931823 0.0073734 0.00626163 0.0147499
 0.172922 0.151261 0.236662 0.170016 0.0942335 0.0533195 0.0332038 0.022475 0.0161281 0.0120754 0.00931823 0.0073734 0.00626163 0.0147499
 0.175836 0.15381 0.240645 0.166362 0.092206 0.0521723 0.0324894 0.0219914 0.0157811 0.0118156 0.00911774 0.00721475 0.00612691 0.0144325
 0.180523 0.15791 0.247051 0.160483 0.0889446 0.050327 0.0313402 0.0212136 0.0152229 0.0113977 0.00879524 0.00695957 0.00591019 0.0139221
 0.186315 0.162976 0.254967 0.153219 0.0849152 0.048047 0.0299204 0.0202526 0.0145333 0.0108813 0.00839679 0.00664427 0.00564244 0.0132913
 0.186315 0.162976 0.254967 0.153219 0.0849152 0.048047 0.0299204 0.0202526 0.0145333 0.0108813 0.00839679 0.00664427 0.00564244 0.0132913
 0.0384698 0.179966 0.20779 0.202317 0.139647 0.0829905 0.0479139 0.0289954 0.0188979 0.0131869 0.00971197 0.00750896 0.00638321 0.0162204
 0.0399636 0.186954 0.215851 0.196489 0.135619 0.0805967 0.0465318 0.028159 0.0183528 0.0128065 0.00943183 0.00729237 0.00619908 0.0157525
 0.0405207 0.18956 0.218857 0.194315 0.134117 0.0797041 0.0460165 0.0278472 0.0181496 0.0126647 0.00932737 0.0072116 0.00613043 0.0155781
 0.0409006 0.191338 0.220907 0.192832 0.133093 0.0790953 0.045665 0.0276345 0.0180109 0.0125679 0.00925612 0.00715652 0.0060836 0.0154591
 0.00936776 0.0784277 0.184486 0.206143 0.173673 0.124235 0.079137 0.0477677 0.0290256 0.0185053 0.0125837 0.00917971 0.00754279 0.0199259
 0.00936776 0.0784277 0.184486 0.206143 0.173673 0.124235 0.079137 0.0477677 0.0290256 0.0185053 0.0125837 0.00917971 0.00754279 0.0199259
 0.0748583 0.0732428 0.17229 0.192515 0.162191 0.116022 0.0739053 0.0446098 0.0271067 0.0172819 0.0117518 0.00857284 0.00704413 0.0186086
 0.0748583 0.0732428 0.17229 0.192515 0.162191 0.116022 0.0739053 0.0446098 0.0271067 0.0172819 0.0117518 0.00857284 0.00704413 0.0186086
 0.0835761 0.0817725 0.192337 0.181962 0.153287 0.109652 0.0698478 0.0421607 0.0256185 0.0163331 0.0111066 0.00810218 0.00665741 0.017587
 0.0927399 0.0907385 0.213408 0.170867 0.143928 0.102957 0.0655834 0.0395866 0.0240544 0.015336 0.0104285 0.00760753 0.00625095 0.0165133
 0.0965758 0.0944917 0.222227 0.166223 0.140011 0.100155 0.0637986 0.0385093 0.0233998 0.0149186 0.0101447 0.00740048 0.00608083 0.0160639
 0.0965758 0.0944917 0.222227 0.166223 0.140011 0.100155 0.0637986 0.0385093 0.0233998 0.0149186 0.0101447 0.00740048 0.00608083 0.0160639
 0.0517007 0.0996676 0.136958 0.174192 0.151654 0.121868 0.0895289 0.0600931 0.0379776 0.0235798 0.0149892 0.0101127 0.00775321 0.0199258
 0.0556956 0.107369 0.147532 0.168748 0.146906 0.118053 0.086726 0.0582118 0.0367886 0.0228416 0.01452 0.0097961 0.00751048 0.019302
 0.058355 0.112496 0.154571 0.165124 0.143745 0.115513 0.0848603 0.0569595 0.0359972 0.0223502 0.0142076 0.00958536 0.00734891 0.0188867
 0.0604348 0.116505 0.160076 0.162289 0.141274 0.113527 0.0834013 0.0559802 0.0353783 0.021966 0.0139633 0.00942056 0.00722256 0.018562
 0.0143329 0.0817101 0.136347 0.155864 0.146183 0.126115 0.101991 0.0767264 0.0535812 0.0352844 0.0225732 0.0146311 0.0104535 0.0242071
 0.0143329 0.0817101 0.136347 0.155864 0.146183 0.126115 0.101991 0.0767264 0.0535812 0.0352844 0.0225732 0.0146311 0.0104535 0.0242071
 0.27973 0.0597092 0.099635 0.113897 0.106822 0.0921579 0.0745291 0.0560674 0.0391541 0.0257838 0.0164952 0.0106916 0.00763883 0.0176892
 0.27973 0.0597092 0.099635 0.113897 0.106822 0.0921579 0.0745291 0.0560674 0.0391541 0.0257838 0.0164952 0.0106916 0.00763883 0.0176892
 0.310128 0.0661978 0.110451 0.104219 0.0977356 0.0843187 0.0681894 0.0512981 0.0358235 0.0235906 0.0150921 0.00978216 0.00698905 0.0161845
 0.335366 0.0715848 0.11943 0.0961832 0.0901923 0.077811 0.0629265 0.0473389 0.0330587 0.0217699 0.0139273 0.00902717 0.00644964 0.0149354
 0.354036 0.0755701 0.126071 0.090238 0.0846121 0.0729969 0.0590333 0.0444101 0.0310134 0.020423 0.0130656 0.00846866 0.0060506 0.0140114
 0.354036 0.0755701 0.126071 0.090238 0.0846121 0.0729969 0.0590333 0.0444101 0.0310134 0.020423 0.0130656 0.00846866 0.0060506 0.0140114
 0.0679067 0.274062 0.178113 0.115866 0.0814383 0.0666503 0.0562132 0.0457678 0.0351622 0.0253605 0.0173384 0.0115538 0.00810522 0.0164625
 0.0700565 0.282738 0.183745 0.111896 0.0786447 0.0643641 0.0542849 0.0441979 0.0339561 0.0244906 0.0167437 0.0111575 0.0078272 0.0158978
 0.0719334 0.290313 0.188662 0.108429 0.0762059 0.0623681 0.0526015 0.0428273 0.0329031 0.0237311 0.0162245 0.0108115 0.00758447 0.0154048
 0.0744135 0.300322 0.195159 0.103848 0.0729834 0.0597307 0.0503772 0.0410162 0.0315117 0.0227276 0.0155384 0.0103543 0.00726375 0.0147534
 0.0163175 0.126433 0.249696 0.194555 0.114515 0.0725958 0.0539074 0.0435535 0.035282 0.0275131 0.020407 0.0145587 0.0106379 0.0200272
 0.0163175 0.126433 0.249696 0.194555 0.114515 0.0725958 0.0539074 0.0435535 0.035282 0.0275131 0.020407 0.0145587 0.0106379 0.0200272
 0.146392 0.109715 0.216679 0.168829 0.0993728 0.0629963 0.0467791 0.0377943 0.0306166 0.023875 0.0177086 0.0126336 0.0092312 0.017379
 0.146392 0.109715 0.216679 0.168829 0.0993728 0.0629963 0.0467791 0.0377943 0.0306166 0.023875 0.0177086 0.0126336 0.0092312 0.017379
 0.155461 0.116512 0.230089 0.15946 0.0938526 0.0594969 0.0441805 0.0356949 0.0289158 0.0225487 0.0167249 0.0119318 0.00871841 0.0164136
 0.1647 0.123436 0.243747 0.149917 0.0882302 0.0559326 0.0415338 0.0335565 0.0271836 0.0211979 0.0157229 0.011217 0.00819611 0.0154303
 0.173048 0.129693 0.256087 0.141293 0.08315 0.052712 0.0391423 0.0316243 0.0256184 0.0199773 0.0148176 0.0105711 0.00772419 0.0145418
 0.173048 0.129693 0.256087 0.141293 0.08315 0.052712 0.0391423 0.0316243 0.0256184 0.0199773 0.0148176 0.0105711 0.00772419 0.0145418
 0.0363083 0.165437 0.187384 0.195418 0.134362 0.0821196 0.0516115 0.0361444 0.0278335 0.02217 0.0174296 0.0133508 0.0104541 0.019978
 0.0376043 0.171342 0.194067 0.19098 0.131307 0.0802524 0.050438 0.0353226 0.0272007 0.0216659 0.0170333 0.0130473 0.0102164 0.0195238
 0.0395377 0.180151 0.204035 0.18436 0.126749 0.0774671 0.0486874 0.0340966 0.0262566 0.0209139 0.0164421 0.0125944 0.00986186 0.0188462
 0.0416394 0.189727 0.214871 0.177164 0.121796 0.0744395 0.0467846 0.032764 0.0252304 0.0200966 0.0157995 0.0121022 0.00947644 0.0181096
 0.00968209 0.0799151 0.185228 0.201423 0.161896 0.113735 0.0735663 0.0472106 0.0322122 0.023842 0.0185861 0.0147715 0.0123122 0.0256193
 0.00968209 0.0799151 0.185228 0.201423 0.161896 0.113735 0.0735663 0.0472106 0.0322122 0.023842 0.0185861 0.0147715 0.0123122 0.0256193
 0.0757763 0.0745816 0.172866 0.18798 0.151091 0.106145 0.0686565 0.0440598 0.0300624 0.0222507 0.0173457 0.0137857 0.0114905 0.0239094
 0.0757763 0.0745816 0.172866 0.18798 0.151091 0.106145 0.0686565 0.0440598 0.0300624 0.0222507 0.0173457 0.0137857 0.0114905 0.0239094
 0.0854492 0.084102 0.194914 0.176538 0.14188 0.0996737 0.064471 0.0413738 0.0282297 0.0208943 0.0162882 0.0129453 0.01079 0.0224518
 0.0976444 0.0961049 0.222706 0.162109 0.130269 0.0915169 0.059195 0.0379879 0.0259195 0.0191844 0.0149553 0.0118859 0.00990697 0.0206145
 0.1024 0.100786 0.233543 0.156482 0.125742 0.0883363 0.0571377 0.0366677 0.0250187 0.0185177 0.0144355 0.0114728 0.00956266 0.0198981
 0.1024 0.100786 0.233543 0.156482 0.125742 0.0883363 0.0571377 0.0366677 0.0250187 0.0185177 0.0144355 0.0114728 0.00956266 0.0198981
 0.0226821 0.108522 0.148876 0.1845 0.150556 0.114857 0.0822835 0.0554892 0.0365994 0.0248517 0.0179505 0.013848 0.011765 0.0272187
 0.025299 0.121042 0.166039 0.176233 0.143799 0.109702 0.0785901 0.0529985 0.0349566 0.0237362 0.0171447 0.0132264 0.0112369 0.0259969
 0.0272443 0.130349 0.178796 0.170087 0.138776 0.10587 0.0758449 0.0511472 0.0337355 0.0229071 0.0165459 0.0127644 0.0108444 0.0250888
 0.0288301 0.137937 0.189194 0.165076 0.134681 0.102746 0.0736072 0.0496381 0.0327402 0.0222313 0.0160577 0.0123878 0.0105245 0.0243486
 0.00711193 0.0602763 0.149933 0.180045 0.153975 0.122809 0.0940068 0.0685931 0.0477029 0.0323065 0.0221185 0.0159594 0.0130159 0.0321475
 0.00711193 0.0602763 0.149933 0.180045 0.153975 0.122809 0.0940068 0.0685931 0.0477029 0.0323065 0.0221185 0.0159594 0.0130159 0.0321475
 0.12021 0.0534103 0.132854 0.159536 0.136436 0.10882 0.0832987 0.0607798 0.0422692 0.0286266 0.019599 0.0141415 0.0115333 0.0284857
 0.12021 0.0534103 0.132854 0.159536 0.136436 0.10882 0.0832987 0.0607798 0.0422692 0.0286266 0.019599 0.0141415 0.0115333 0.0284857
 0.133444 0.0592904 0.147469 0.151787 0.129798 0.103525 0.0792461 0.0578228 0.0402127 0.0272338 0.0186455 0.0134535 0.0109722 0.0270998
 0.14785 0.0656913 0.163375 0.14335 0.122573 0.0977629 0.074835 0.0546042 0.0379744 0.0257179 0.0176076 0.0127046 0.0103615 0.0255914
 0.16304 0.0724403 0.180145 0.134453 0.114956 0.0916877 0.0701846 0.051211 0.0356145 0.0241198 0.0165135 0.0119151 0.00971757 0.0240011
 0.16304 0.0724403 0.180145 0.134453 0.114956 0.0916877 0.0701846 0.051211 0.0356145 0.0241198 0.0165135 0.0119151 0.00971757 0.0240011
 0.0520475 0.146756 0.136616 0.144815 0.121704 0.0994016 0.0792827 0.0612353 0.0454552 0.0324099 0.0225202 0.0157937 0.0121918 0.0297708
 0.0552681 0.155837 0.145063 0.140299 0.117903 0.0962973 0.0768067 0.059323 0.0440357 0.0313977 0.0218169 0.0153005 0.011811 0.0288411
 0.0599281 0.168976 0.157283 0.133765 0.112404 0.0918059 0.0732244 0.0565561 0.0419818 0.0299333 0.0207993 0.0145869 0.0112602 0.0274959
 0.0651028 0.183567 0.170852 0.126507 0.106298 0.0868188 0.0692467 0.0534838 0.0397013 0.0283072 0.0196695 0.0137945 0.0106485 0.0260023
 0.01523 0.100017 0.181992 0.168578 0.12449 0.0961256 0.0767075 0.0610684 0.0475459 0.0358418 0.0261467 0.0187878 0.0143206 0.0331488
 0.01523 0.100017 0.181992 0.168578 0.12449 0.0961256 0.0767075 0.0610684 0.0475459 0.0358418 0.0261467 0.0187878 0.0143206 0.0331488
 0.283926 0.072727 0.132336 0.122581 0.0905228 0.0698976 0.0557778 0.0444058 0.0345729 0.0260623 0.0190126 0.0136615 0.0104132 0.0241041
 0.283926 0.072727 0.132336 0.122581 0.0905228 0.0698976 0.0557778 0.0444058 0.0345729 0.0260623 0.0190126 0.0136615 0.0104132 0.0241041
 0.299323 0.0766709 0.139504 0.116227 0.0858256 0.0662707 0.0528835 0.0421016 0.0327789 0.0247099 0.018026 0.0129526 0.00987285 0.0228534
 0.311762 0.0798571 0.145295 0.111093 0.0820311 0.0633407 0.0505454 0.0402403 0.0313297 0.0236175 0.017229 0.01238 0.00943635 0.021843
 0.322354 0.0825703 0.150226 0.106722 0.0787999 0.0608458 0.0485545 0.0386552 0.0300957 0.0226872 0.0165504 0.0118923 0.00906466 0.0209826
 0.322354 0.0825703 0.150226 0.106722 0.0787999 0.0608458 0.0485545 0.0386552 0.0300957 0.0226872 0.0165504 0.0118923 0.00906466 0.0209826
 0.0627937 0.25603 0.178606 0.13031 0.0924202 0.0665835 0.0501979 0.039301 0.0311082 0.0243439 0.0186221 0.0140044 0.0109927 0.0246861
 0.0651588 0.265673 0.185326 0.125458 0.0889753 0.0641016 0.0483268 0.0378361 0.0299487 0.0234365 0.017928 0.0134824 0.0105829 0.023766
 0.066446 0.270922 0.188983 0.122817 0.0871005 0.0627509 0.0473085 0.0370388 0.0293176 0.0229426 0.0175502 0.0131983 0.0103599 0.0232652
 0.06811 0.277706 0.19371 0.119403 0.084677 0.0610049 0.0459921 0.0360082 0.0285019 0.0223043 0.0170619 0.012831 0.0100717 0.0226178
 0.0153218 0.119335 0.23941 0.195133 0.122668 0.0797269 0.0554731 0.0409266 0.031509 0.0247492 0.0194437 0.0152161 0.0124781 0.0286105
 0.0153218 0.119335 0.23941 0.195133 0.122668 0.0797269 0.0554731 0.0409266 0.031509 0.0247492 0.0194437 0.0152161 0.0124781 0.0286105
 0.224856 0.0939409 0.188465 0.15361 0.0965646 0.0627615 0.0436687 0.0322177 0.024804 0.0194827 0.0153062 0.0119782 0.00982283 0.0225224
 0.224856 0.0939409 0.188465 0.15361 0.0965646 0.0627615 0.0436687 0.0322177 0.024804 0.0194827 0.0153062 0.0119782 0.00982283 0.0225224
 0.239313 0.0999806 0.200568 0.143454 0.090174 0.0586079 0.0407787 0.0300855 0.0231625 0.0181934 0.0142932 0.0111855 0.00917276 0.0210318
 0.24976 0.104345 0.209313 0.136114 0.0855561 0.0556066 0.0386904 0.0285448 0.0219763 0.0172617 0.0135613 0.0106126 0.00870301 0.0199548
 0.260028 0.108635 0.217907 0.128901 0.0810178 0.052657 0.0366381 0.0270307 0.0208106 0.016346 0.0128419 0.0100497 0.00824137 0.0188963
 0.260028 0.108635 0.217907 0.128901 0.0810178 0.052657 0.0366381 0.0270307 0.0208106 0.016346 0.0128419 0.0100497 0.00824137 0.0188963
 0.0894946 0.2117 0.182031 0.162797 0.111899 0.0711548 0.0458571 0.0311594 0.0224622 0.0169878 0.0132386 0.0105307 0.00893873 0.0217495
 0.0920658 0.217782 0.187256 0.158428 0.108893 0.0692433 0.0446252 0.0303223 0.0218588 0.0165315 0.012883 0.0102478 0.00869861 0.0211653
 0.0935266 0.221237 0.190224 0.155946 0.107185 0.0681574 0.0439254 0.0298468 0.021516 0.0162722 0.0126809 0.0100871 0.00856219 0.0208334
